id,target
17,112.4852454069058
19,107.97426949747724
25,109.28836002160654
32,109.27406428399856
33,109.2512942847007
36,108.00585667411843
38,108.36915404410883
51,109.53978185288754
57,109.53488902797706
60,108.27682714253937
62,109.1266696711503
63,107.24689680737414
65,109.86064948487979
66,107.72338197530372
69,108.78559091936275
70,109.03074489084342
71,109.39470833815099
74,109.49425654933225
75,109.60327632561771
83,108.23951967591071
84,109.1675861104071
85,109.05039470832926
87,109.78752054454971
89,109.26719304490797
92,108.31139636498452
95,108.70787101147937
98,108.51679155750188
101,108.9771226737982
102,110.21838906284096
104,108.95709754825933
111,108.33310927751067
117,108.99406531361079
120,109.0810876535954
124,109.73369887411152
127,109.43799765228985
130,109.59982365215147
134,108.3478947453685
136,108.82990656966174
137,109.08337224167387
139,107.10795249178175
140,109.52910142850025
145,107.9464696942442
147,108.47896635048187
151,108.21659795751424
152,107.94349594056541
153,109.08501064232215
155,109.29966473383189
163,108.20684650273107
165,108.7166270819284
170,106.98501040672936
174,106.76632186493613
179,108.57347914959064
183,108.71688768869534
189,107.92803289118342
192,109.08033039212711
193,107.1841863976293
194,109.75735994275914
196,107.94600418752285
206,108.83932746873833
210,108.00048571171719
216,109.7240735384455
223,108.41892449234494
225,109.83822763532677
228,109.03011917701606
230,108.96285503240232
235,109.13805934991774
239,109.04841882199344
241,109.30216684949445
247,108.93514734579306
253,111.31906435311663
256,110.46245602968386
261,110.2760726842271
264,113.65423241575274
266,114.25755838209467
268,109.01714218320222
269,111.25779248042781
276,109.4839858308667
281,110.70493349315399
283,109.54934446022145
286,112.5148426856819
290,111.26508674261673
301,109.03048754672812
305,107.92163330753638
309,107.59589940228815
316,108.69348802664271
327,107.44444478950336
335,107.88397493200357
338,106.34502328026875
340,107.72511858741588
342,109.09831412341265
345,108.48114310141034
351,107.12796819284844
353,107.62044576744991
358,112.2971890893343
362,110.04494276977499
367,110.7364042986647
372,109.99483889327504
375,109.48109807044574
377,108.92277315306697
383,110.5043202161179
387,109.62586989629013
391,108.44663269800525
392,108.07550147161919
396,108.16930194527957
397,107.68595882471018
398,108.27625659833245
399,108.45513838186584
406,108.14750364826848
407,107.80589311221223
415,107.57754695488121
416,107.56672484757014
430,108.11753273509991
432,109.81997607305868
437,107.40591825016364
446,108.76596830154362
448,107.78971881555232
452,108.15913303503379
466,109.52136887517777
472,107.83862080383952
475,107.96311087554606
487,111.57990518543085
489,110.03770416968946
496,106.70666899429172
500,107.46511342915444
503,107.42773861726239
510,108.16826557319725
515,107.85284570617655
518,109.05009739007039
520,110.07868613701423
525,111.42528733813879
532,107.37875063260434
536,108.5193324546021
538,109.31689562483601
549,107.65339563637083
550,107.97283446073894
552,107.94880770756664
560,108.23199946424252
564,108.6179790821013
566,109.26450984608552
567,108.54034102579276
571,109.17618444940912
581,108.79586153186114
592,108.37456072402333
594,108.56583353739144
603,110.64877199283565
604,111.42020338159074
607,109.71753456592815
613,108.64449846499029
619,107.82476580738329
625,107.39560284043962
627,107.54129175323848
628,107.84803622325835
631,106.97362751969932
632,107.27224335906035
634,107.68003433099055
639,108.0629004376179
643,107.92866058194006
644,109.03127962140611
646,109.41117283278614
650,107.31211721854328
651,107.19677762552925
653,108.81865576594217
656,107.85828596168123
658,108.38979450743844
661,109.376649290595
666,109.3572223721799
667,108.35775927635899
679,108.32184615169568
682,107.54237357047134
685,108.34736941742796
686,108.48677232570775
691,108.22950489229618
692,108.39740378150744
693,108.92515972216256
699,107.5090607036187
711,107.44021696865916
715,107.93250465307311
718,108.37206290702782
720,112.64514712151596
721,115.50917910567499
727,118.02416145796646
732,111.25233469778308
736,111.80757721906801
738,110.7684459057502
745,107.5180008389507
746,107.77327169477938
751,112.24003048933179
754,112.52314945554909
759,114.17160135775548
760,110.3022090107298
763,110.06445856721167
769,110.52052224627916
775,114.61976288680222
776,115.16681438042946
777,110.77481745284723
783,110.40243407597201
784,110.89585228589966
792,112.3628928364674
796,113.83607167665888
