id,target
17,107.39320829770583
19,114.09168243674374
25,127.41174048266626
32,112.36265763029846
33,111.05630625605109
36,103.66782574616458
38,107.12770700863571
51,119.66467239873081
57,106.69290623098425
60,106.81837678727429
62,103.7844908612255
63,93.3885320125386
65,108.48725219466888
66,111.91515630964058
69,104.4557817780124
70,118.58452686899655
71,109.87489940537617
74,100.01192344414886
75,100.68116420576196
83,110.52979167020213
84,109.81822316252189
85,112.55665816907755
87,114.64251581305989
89,108.05133467448684
92,96.98834251504027
95,111.16923121284465
98,116.37788449604747
101,117.23264508399305
102,98.15835218994924
104,119.41798339907264
111,110.67595844977001
117,114.44445807600715
120,113.21463243108369
124,120.13241423932543
127,111.98889903932725
130,119.07404830495501
134,105.49768388868742
136,95.34795825787899
137,104.78349315742122
139,96.54337138586746
140,117.08604895699654
145,83.03690037043164
147,110.95161141408795
151,109.37297008397128
152,91.7063095078631
153,101.04265309577755
155,121.36535208902177
163,114.9347302024845
165,114.17473845255888
170,102.07096014893315
174,85.41314078422228
179,101.9503291260271
183,109.64295354133769
189,108.48239062116095
192,91.3810471349438
193,113.12444952108513
194,112.39815717584344
196,115.07871814432107
206,116.18387866714572
210,116.00534813873453
216,105.29103176504537
223,107.04694372581083
225,113.309777857766
228,116.166607845377
230,108.24376395239784
235,110.52341663508312
239,110.59129441270025
241,115.65826222862518
247,101.55879642993932
253,93.5681826199913
256,104.59012624728513
261,106.83458248197967
264,109.19879412655614
266,113.01061111628636
268,99.38664601852668
269,101.07225365251341
276,108.9504271329685
281,108.54056507540439
283,102.0585946571406
286,98.72084030636262
290,119.04102941378899
301,102.43343269075335
305,84.74766526094106
309,119.18405693937328
316,105.96914715102842
327,105.36546378885329
335,104.08148224567799
338,106.23214875021738
340,114.15880239840438
342,101.00264298480896
345,97.30345992278893
351,82.1598850510946
353,98.85152706074969
358,102.63292860971069
362,123.94507529967663
367,105.59245946084847
372,110.99463999279509
375,101.72489101423317
377,114.0385009404164
383,124.4194989059416
387,105.44495835902019
391,111.16345245785084
392,115.31866210457619
396,109.9595855929192
397,112.34840757453402
398,115.23041080205405
399,114.96559409390386
406,105.30779238222244
407,116.8447690075984
415,111.74423926274908
416,104.84901032309187
430,107.44409967359859
432,110.56318281788316
437,119.09566252973585
446,117.57769781385323
448,127.71445776341349
452,117.93163493461577
466,116.76695253763823
472,110.41407101059556
475,108.97309261399354
487,104.64835571794755
489,97.37561249053918
496,111.51874654185035
500,111.20166036355273
503,112.35967343484631
510,125.78462918308051
515,112.46690182930942
518,98.53496890971847
520,103.39031145382367
525,102.2400294833258
532,101.74942549049582
536,100.79640109396225
538,113.78396792526178
549,112.51599461403359
550,111.80148275522538
552,115.07867171761036
560,114.97427421484315
564,102.25421662167338
566,117.71967979663289
567,111.11335026877711
571,114.59610946575863
581,122.34967515450951
592,113.57275968548349
594,110.61116512002188
603,117.45345930566569
604,103.44526141852478
607,103.10520160781793
613,117.54383475748381
619,121.86848570115654
625,114.29683775454241
627,108.06886122473641
628,100.25153589921467
631,103.09396844278258
632,111.69356526489271
634,114.3085054085486
639,112.6856535468646
643,104.33613367816581
644,118.4730083317387
646,104.89932479420501
650,118.96907638884649
651,106.65779216152465
653,108.70987117079027
656,108.22336931937738
658,111.18577216210545
661,95.39964551333867
666,109.36688531433126
667,102.87688095723377
679,115.28037453857054
682,102.55059159251535
685,106.68690929656316
686,111.89063639721739
691,115.29534082328564
692,111.49664236620617
693,106.90469646789974
699,94.23163977725613
711,98.3721676330921
715,94.73536348312406
718,103.4772845174996
720,108.5237867657231
721,102.81656205691132
727,116.14569728546951
732,109.14281813013763
736,105.32062462219704
738,107.95126665065654
745,110.16496469230442
746,87.98556376968428
751,110.49280246932878
754,103.70182659745286
759,110.52512846056956
760,98.7082561136227
763,93.2320687465176
769,106.68600715071442
775,120.05113746437422
776,109.93509910407866
777,110.90463680359593
783,97.93870007630879
784,96.45555621695098
792,109.79010208804674
796,108.56790539058433
