id,target
17,100.0513644001872
19,103.07167549462531
25,124.33012854589606
32,100.52963508574217
33,105.9802608300453
36,114.25776780439375
38,86.1586796171685
51,109.24798599668148
57,109.88735254669194
60,109.7194754190067
62,108.30420848481863
63,111.46512285598718
65,105.61842146239461
66,124.37867105627656
69,111.2236213378394
70,106.1521196611387
71,109.175125677388
74,109.00260963141258
75,111.61883091218411
83,113.95682438843323
84,121.09368424535421
85,115.64737362867477
87,129.78624498984945
89,115.38016445056725
92,100.01292531955495
95,110.97421783102355
98,119.13108086778247
101,128.33258953473978
102,108.85650152821168
104,107.00197151184454
111,105.61082537396146
117,114.66669908267995
120,104.24729178320284
124,123.42949964346086
127,124.99981328696504
130,137.26732884307623
134,103.22470128327598
136,95.90272086018629
137,104.28363220040922
139,92.64061058222119
140,108.29474796243215
145,95.70681802388484
147,118.77919879016183
151,100.94097177247338
152,102.96779290883146
153,111.39369420913442
155,123.64160193098715
163,102.13227619192517
165,104.0745078607664
170,100.95266639569161
174,105.3722423103406
179,109.2702986482348
183,108.42351078026613
189,112.78615458749326
192,95.9900988315134
193,117.03269505204578
194,114.69213120719346
196,106.18158011002294
206,109.00091548659381
210,101.36233501624301
216,102.91188567869716
223,99.09309500551485
225,107.67053151608525
228,114.9268203631402
230,103.02481604433774
235,95.69098081642431
239,114.3484770749257
241,108.44968902113162
247,100.15937489855031
253,93.04018515618714
256,93.99659413926645
261,107.72762891698588
264,92.37154823301714
266,117.47499614153661
268,106.61858496822822
269,111.97430122679384
276,96.8880742878462
281,101.27758487462
283,90.50944293693522
286,95.5537491404416
290,96.7123280503391
301,104.41198068422318
305,84.60853800852878
309,114.97164340076873
316,93.65578806011999
327,106.4200293508531
335,100.41847773910007
338,94.0724530634157
340,112.42190421517122
342,102.19563252491773
345,88.86029275520774
351,91.553227301896
353,104.51073209831341
358,100.79024000315937
362,123.45811055822679
367,130.01602687535546
372,135.9924956962298
375,103.90803614421955
377,114.80561888167198
383,127.07772494782324
387,114.34714137929367
391,121.89287751302905
392,104.38394876413165
396,100.38511952587385
397,112.24299745049106
398,121.72341136077037
399,105.39037446752539
406,102.56380140148715
407,104.67590802702799
415,109.34506446728015
416,98.25344231649831
430,101.84862359590278
432,103.02357190770812
437,120.72991974677609
446,124.40968698510628
448,111.66513781574785
452,120.24893559105402
466,107.92091473053758
472,91.90543655093029
475,100.97425054845432
487,98.49345740544607
489,100.82121125837743
496,99.15231298508284
500,110.55946147118603
503,100.29645373681339
510,123.7817259932355
515,104.91766854879525
518,98.19639089788987
520,95.9938523934752
525,106.81696834599771
532,105.2945709428324
536,95.01937534534082
538,101.6545741519246
549,112.05229761303166
550,101.80954924365614
552,116.59929017543392
560,110.99931828996438
564,108.70573590763465
566,106.87208995857551
567,105.53977333124655
571,110.69299804522069
581,107.09763378535135
592,107.30416654670232
594,117.0891165359311
603,106.4122151279
604,87.03465599613222
607,92.37461456279509
613,114.18997463030311
619,110.00027691992722
625,125.66731457803525
627,99.03601325318783
628,106.0658772229088
631,77.75396118178497
632,105.78051193358172
634,118.83796006239544
639,116.94252604507594
643,98.1345958827099
644,100.74536743994437
646,102.13101486688268
650,112.76543001231668
651,97.97357431096154
653,102.10180755453007
656,106.8583763867765
658,116.68764384651783
661,97.03323065139364
666,97.07393343780703
667,100.99321263962634
679,104.48660376746176
682,98.25699249048307
685,114.69406884790644
686,108.70331892919678
691,99.10999609188688
692,102.58746557916119
693,102.64023764398686
699,98.2009995407146
711,103.31171021351346
715,90.71916832253022
718,107.96348153826911
720,97.1762338935834
721,104.41656416799046
727,105.32786041634245
732,94.34440097364127
736,96.65809104944148
738,95.00883951060399
745,111.21851223152129
746,100.4262946319844
751,97.47669532016414
754,94.3431655344271
759,104.4899700928031
760,100.3204764973008
763,94.40137968565179
769,101.9030982843445
775,128.73400026732725
776,108.61961597189094
777,113.05414612602164
783,97.54953866239431
784,113.19151665856256
792,110.63996724621373
796,113.22836551382929
