id,target
17,105.5248789992281
19,107.77024298808789
25,115.11169686508026
32,108.53933720331729
33,109.42255235731844
36,107.79275957654716
38,94.59298845326876
51,111.47413646871087
57,112.08359467555124
60,108.3045422211443
62,105.45727064036227
63,105.16339007772896
65,108.57665935324876
66,114.45957560469937
69,105.6067293046685
70,110.06529874101281
71,110.17940113706831
74,107.79479336055574
75,106.31492246856624
83,111.27038273095755
84,111.05129201140254
85,114.86768478067609
87,120.21356128086369
89,111.54266360485263
92,96.80746454208304
95,113.3070518873813
98,114.09669156804222
101,117.25519149490331
102,106.64328529207071
104,109.14562418922678
111,107.61659181717911
117,113.1560525915907
120,105.05659777283583
124,119.1594787782167
127,117.25436644340276
130,121.23608983023934
134,103.67945260848511
136,99.19878428187424
137,108.251477131133
139,101.40990850952028
140,112.21576089547825
145,96.94066002850636
147,114.44988178514683
151,108.14986070733147
152,102.20061260673809
153,106.62799164820142
155,116.88228762994149
163,108.34421595787843
165,109.09333565231012
170,106.65538150916392
174,84.9680335780701
179,105.47176715820578
183,104.20511738490134
189,108.95110917651283
192,91.32766770324758
193,110.47599816975506
194,111.13714874198772
196,107.66622391255031
206,108.46882628863109
210,107.21288795790521
216,107.38380553782747
223,106.88595984795471
225,110.71325597369173
228,111.74540403890286
230,107.11969189068571
235,108.78731731849756
239,106.85129806253018
241,109.76204906553438
247,102.81908154923144
253,100.20880067397607
256,104.15406004413822
261,108.07438789330838
264,105.87846496212254
266,114.38635524989421
268,107.48164263709108
269,110.73638378388803
276,107.30578795831336
281,108.54536459825479
283,100.0923698491071
286,104.99649405101088
290,108.69263695545118
301,106.43611440076121
305,91.93976271244044
309,113.08188732020083
316,101.91500015749821
327,105.0350989530007
335,97.64354733821133
338,103.5891697565729
340,110.24644077371019
342,99.32051183384918
345,101.2401684206679
351,97.79048584613689
353,100.52967034856215
358,105.68324923402349
362,113.29908763696365
367,118.85188783524308
372,119.58172930907112
375,102.56908404727135
377,112.58286976180813
383,121.04013413613043
387,107.99046549942568
391,111.67463422081786
392,105.80180418451495
396,105.49430590994474
397,110.8213690692271
398,117.60558929723858
399,110.11512258587825
406,105.67111260713547
407,108.78858519760678
415,108.51652638576564
416,105.05107334789119
430,106.57081164162747
432,107.33878229684228
437,115.90422483009522
446,119.31183895082587
448,114.61971672929094
452,115.41035305651424
466,111.8651096860364
472,105.09716897178723
475,107.35608734427542
487,103.18579920908803
489,102.22831990844783
496,105.9762830050939
500,109.93784169178642
503,106.23319353716306
510,118.55134929798967
515,105.96018295338325
518,101.64880419307005
520,104.78140299479453
525,106.66401411360637
532,106.89899917352008
536,103.87845222737727
538,110.05866130825754
549,109.26441218544865
550,106.45411505803037
552,111.74169858505172
560,112.12128132636893
564,104.98699311320212
566,110.98271036902511
567,108.68880547097916
571,108.90539427163155
581,113.84191154591113
592,110.7974400276246
594,111.19047674123085
603,111.23850570148565
604,102.90342848538933
607,102.97929239457669
613,110.38955450768607
619,113.77656637781332
625,116.15971034169151
627,98.41688088719609
628,108.34545804932695
631,99.03717698709352
632,110.16738123674472
634,112.64040233506135
639,112.90479765253119
643,103.72042858617671
644,104.90673215774791
646,105.04766484117239
650,111.95409840901802
651,104.26991078636635
653,106.62341778749476
656,105.05964173849532
658,112.33880880480842
661,102.1036520321902
666,106.28426906351625
667,103.89463121905841
679,107.1734563941135
682,100.54188693470337
685,109.9084691866696
686,108.25511478084343
691,109.4064580194098
692,105.63405610348903
693,103.45745888525157
699,95.16268454296134
711,104.46722323043373
715,101.96858120517722
718,107.01693747681435
720,106.85316966143856
721,107.30683859997339
727,111.74303460144917
732,106.84980146513374
736,105.3728203359922
738,102.28405826695281
745,109.4992259957729
746,99.38209592492075
751,106.29336293629636
754,104.21303562043903
759,110.21795660363638
760,105.2340596393293
763,98.34011256212071
769,107.79386386382794
775,120.48976286215091
776,112.27356646011802
777,112.77364952901054
783,101.87704945549154
784,107.4491497284206
792,111.11535585249777
796,110.92460524503925
