id,target
17,108.67820681206504
19,110.29726662347574
25,106.85267825715606
32,104.47665322798272
33,103.48692793746102
36,106.03132939369178
38,107.11328175383353
51,107.40871176429661
57,108.63878444233637
60,106.21899950552242
62,107.4033477233507
63,108.38205439830728
65,108.17415515751304
66,110.50105405330349
69,104.58414646882181
70,106.5330663379011
71,107.28917843925501
74,108.03441638427086
75,105.18213237309874
83,107.49132533087075
84,108.13448950328284
85,105.66866839082844
87,108.71379537358496
89,106.67523936510314
92,108.9218260770082
95,107.94408338652661
98,107.99032425567293
101,106.13040928581962
102,111.45424777047987
104,108.25142290545942
111,103.95747068315552
117,107.41143771245378
120,107.53839607600369
124,107.52934564873006
127,106.1254709365568
130,106.34053378911453
134,108.42339125835471
136,107.38283596200309
137,108.95995545007456
139,103.14238007442896
140,109.56761113130202
145,103.8221170580727
147,105.82445701358571
151,106.77035954162213
152,104.76251383366241
153,104.37249398562008
155,108.5246957010866
163,102.80323807226816
165,107.44775547765107
170,103.67356788034864
174,109.33108571257235
179,106.63757214602639
183,108.7685157205412
189,105.92076449533154
192,106.71525264168065
193,104.58836225773832
194,107.71288281903745
196,106.90208208461515
206,109.1810408399422
210,106.48335786506514
216,105.8216818903133
223,105.14016982727466
225,107.02459353094652
228,106.92101828060126
230,105.70220191818835
235,108.37226026167673
239,109.96951640545713
241,105.1957638386473
247,108.4834734588281
253,112.01369420964613
256,108.9615751371331
261,108.13480967680883
264,109.95948276513566
266,110.68521592026474
268,107.34766441168533
269,110.77466460293117
276,109.78828070228363
281,108.35616406176244
283,109.20504710681469
286,108.8418808703019
290,112.38775075653433
301,106.73545381098857
305,105.30550508722119
309,108.27588612639295
316,109.0197316360668
327,105.26195480098184
335,105.06917319871891
338,109.11808450953717
340,111.51642940121165
342,109.38847099648801
345,106.29667849518047
351,106.78191784300552
353,104.80969402897237
358,112.0633244386062
362,110.98587376932691
367,112.00764544721847
372,111.18817811616617
375,109.11796603892857
377,107.74728146531129
383,113.74483806783044
387,108.08080513831167
391,108.88878922229624
392,108.42871106251343
396,109.17035942513513
397,111.6841746931037
398,108.49587154070744
399,110.72861150830116
406,109.83621619932404
407,110.19778594184748
415,105.62701377927657
416,109.53908080658972
430,106.6747603590686
432,112.06167750204406
437,107.11939798381383
446,108.62128857958635
448,106.87579828989271
452,108.29129632391623
466,106.93185914396886
472,108.36444642077223
475,108.4570432811446
487,113.71280187812289
489,109.56411660229531
496,108.069222536055
500,109.72179103981115
503,108.00219777881978
510,106.34331905960961
515,106.72291337437407
518,110.25598399684061
520,113.02931457450173
525,112.61117620123574
532,110.17185006675093
536,105.3637402689041
538,107.41021794587864
549,107.16162084368176
550,109.32090885818754
552,106.64212139847871
560,106.68464261922053
564,108.47192243295805
566,106.88091983483098
567,104.06578909576922
571,108.98205270783315
581,108.3709890658234
592,106.12624739644106
594,108.57602260520727
603,112.68259347690677
604,113.37521832791029
607,109.33060210542791
613,109.71337683333955
619,108.43110696648371
625,109.74872010962342
627,107.61237923678725
628,109.57072140731333
631,106.55794249347319
632,104.13407666954477
634,109.89261928096542
639,109.6523472565117
643,108.05075014925978
644,106.99839532453498
646,108.57121115461437
650,107.39092449528847
651,107.32877945599758
653,107.3449800330833
656,105.55170121470006
658,106.24546618097581
661,107.65603570072842
666,108.95716548253436
667,108.12017840454362
679,106.79923605233374
682,104.74545769934102
685,104.46758507638022
686,106.19361458031955
691,107.87108860334155
692,106.6681656127715
693,110.25461329851346
699,105.5499751991108
711,108.40388928968609
715,105.60116425544355
718,108.13260794637806
720,109.45516560174006
721,110.3220803341589
727,109.91367993450378
732,109.77196216686382
736,110.75617429984962
738,113.13824641011547
745,109.99088738789776
746,106.75534580786916
751,112.37266931153515
754,111.17449765479107
759,109.65709029767005
760,108.7932911922281
763,112.06423496067377
769,107.83564398582088
775,108.49718242635149
776,109.41700346981295
777,111.22873954544204
783,112.06205400038189
784,109.5885138690134
792,111.00656593409083
796,109.29412748391027
