id,target
17,108.21194735231863
19,108.69886308575542
25,110.81542516905371
32,108.75480908081482
33,110.86028243740495
36,108.42066679598577
38,102.2412544679156
51,111.08947182626179
57,110.47499585027627
60,108.85955171317445
62,108.85467945353234
63,105.49266559618775
65,108.58470186462645
66,109.91096075252437
69,106.23861730844068
70,111.05597054426548
71,109.79311164576751
74,108.42249494904686
75,107.84708493904527
83,110.24039332391557
84,110.91882743369203
85,111.76973432725107
87,115.10766626977522
89,110.87549441091846
92,102.5915190011257
95,110.55162177346462
98,111.82742280693765
101,113.36914590789735
102,106.74417010506033
104,109.898265169611
111,109.35386242497822
117,111.27350106792642
120,110.59919046900305
124,114.41692933786766
127,111.94072247225776
130,117.5829109171952
134,105.74773869763814
136,104.04205314078116
137,109.29894751885315
139,105.87177554135155
140,111.50376317313466
145,101.00614880718683
147,113.87941512244683
151,107.82277375206006
152,102.19397424850605
153,107.60291980568407
155,112.55229838223978
163,109.97503490173436
165,110.33920568004689
170,108.27087099712263
174,94.58612082615203
179,106.27443302969591
183,109.36356793974063
189,108.7545666858275
192,99.87915840385008
193,112.31702515966872
194,111.24840326104417
196,110.64154929447089
206,110.95563668353016
210,107.59210048599763
216,108.80843681088646
223,108.72749877408334
225,111.07763688030569
228,113.05885512209517
230,109.53716957266053
235,109.17931956898418
239,109.29634637607649
241,107.97056569738803
247,106.38451252282458
253,104.67150919483787
256,106.6742163130828
261,108.74955959675931
264,108.86684238920165
266,112.56387611705516
268,106.24090966334315
269,108.32827645983289
276,108.13751822185289
281,107.78910837167155
283,105.34633403935854
286,107.66612688228692
290,110.05521466863304
301,108.97680598188819
305,99.33156016434003
309,114.05458673515237
316,107.51406242166101
327,105.5884758426332
335,101.59846359919786
338,107.2064796999583
340,109.16699999298133
342,104.9428031874777
345,105.0165251726599
351,102.82307439869777
353,107.41772912837298
358,107.9128827741778
362,112.40757225068195
367,113.69986402142655
372,113.19246062486981
375,105.86945455283151
377,110.6668476967371
383,117.23901685365684
387,108.4372984618097
391,108.53337180468279
392,107.96872871220341
396,106.99946653154963
397,109.5015153457001
398,112.1901892503953
399,110.30738160514485
406,107.39415610652155
407,109.80370280536198
415,108.23492339423
416,107.68021481009114
430,108.4004448784138
432,108.29333690713449
437,111.64257570061714
446,114.6526915832863
448,113.25537238918098
452,113.37392358523485
466,112.0650476562776
472,107.50289590396781
475,107.95530894136316
487,107.90670989658494
489,104.87573277215046
496,107.97679851809205
500,110.1594886945886
503,109.08825926329334
510,115.16838131379568
515,108.62652764347311
518,105.16267176591066
520,108.00213783764579
525,107.93100760645332
532,107.80688230854192
536,107.00287255969809
538,111.40085014337214
549,109.13440486923123
550,108.44712225965893
552,110.07582499262065
560,109.5602841970739
564,109.76494668761534
566,111.18900863194094
567,110.062816064387
571,110.0568493418101
581,111.85634349392157
592,113.04226533690405
594,110.33906055429905
603,111.3918974684717
604,106.12660540903926
607,106.62640800165931
613,109.08832561212371
619,112.2974468804224
625,110.53971562385783
627,104.12760464136801
628,108.439119649937
631,104.60081971265687
632,109.08572364930262
634,111.49684448840001
639,112.24049325452148
643,105.65794396313181
644,108.55576046446983
646,108.5261844600861
650,113.00522688072232
651,107.92001122364309
653,109.26982887456684
656,108.25496842257763
658,112.63483649925847
661,105.64134794248986
666,109.92194299895463
667,107.00875242247908
679,109.66402077899522
682,105.37686393457285
685,110.44301053207637
686,109.51784028938974
691,110.54595007302439
692,108.4984775282704
693,106.58666224140691
699,102.08061210394082
711,104.90701132523759
715,105.62537381336703
718,107.44082505740337
720,108.65262227907506
721,108.15935883868345
727,110.66854159254967
732,108.06109592202279
736,107.72301612557504
738,106.5745528958298
745,109.7606589445298
746,102.07524583518439
751,108.78734570895433
754,107.0227422435126
759,109.766325755789
760,106.71230086326455
763,104.56165811951328
769,108.34719393937267
775,115.1542923709589
776,110.77392398150705
777,109.64167904349071
783,105.62989511483838
784,108.47887720810527
792,110.62484562342843
796,110.33339862379025
