id,target
17,104.58917592284133
19,106.89857689334468
25,116.37431743583028
32,106.31112791784231
33,108.41544181567704
36,109.22143266343922
38,93.14332192565608
51,111.38560048991494
57,112.5073046243163
60,108.4250514445427
62,104.95564087433168
63,107.00158500971378
65,108.46724063025044
66,116.24329245185825
69,106.50201765639673
70,110.34586015310728
71,112.60058959441317
74,108.23589306617185
75,107.93105366045799
83,112.10391381460613
84,112.96501085273263
85,115.2533327408559
87,122.61994605880294
89,113.74474897001033
92,97.2213405582239
95,112.49974452284351
98,113.91224371236575
101,119.65067160367077
102,108.12111075147538
104,107.94935795343261
111,107.10823654957238
117,114.01964588329966
120,104.0490543584776
124,120.17490062625625
127,120.12623877768989
130,124.82052866424849
134,103.58700539585482
136,98.0165297656732
137,108.67306998811512
139,100.52415216180985
140,112.03556290671978
145,98.82921217580503
147,115.02156724032046
151,107.06988161089409
152,102.73653241449902
153,107.59933946957517
155,118.09355235312772
163,107.53401359906195
165,107.78824359178631
170,105.11924363490063
174,86.4268145041035
179,105.91342047466185
183,105.52193246548077
189,110.44725916409215
192,91.96232024245505
193,111.13127784709881
194,111.99672730967103
196,107.49577972906965
206,106.59241384097936
210,106.72385766540438
216,106.72575231257458
223,104.86187705476394
225,110.73868591604568
228,112.68355728328203
230,105.9913407203666
235,107.30112537182043
239,106.86401348855559
241,109.23380107302248
247,101.8945096160779
253,98.55306340417773
256,103.62065686094314
261,107.52037584957044
264,103.02409208882631
266,116.7044943422034
268,107.7810736011857
269,111.5299526003555
276,104.68754506329856
281,107.43866258636373
283,97.87382366611004
286,102.77613287426301
290,106.97593949481536
301,104.8472588525817
305,90.06517657749686
309,110.63942339908878
316,99.7734707841489
327,104.95013170415929
335,95.47847289545551
338,102.25497755594154
340,108.32240548339011
342,97.20423342255694
345,99.0556358637509
351,96.81599271564264
353,98.96444021779
358,105.36514288687617
362,114.24589683281975
367,122.52467880610953
372,124.3010663409496
375,102.6199777112398
377,112.33227859993622
383,121.44209617640699
387,109.49433153490082
391,113.60624325657281
392,104.31209856553275
396,101.86745503301864
397,110.04229138823634
398,118.78505181080172
399,109.16382173700254
406,105.02097773516932
407,107.19751983233998
415,107.69826936556318
416,102.533504015588
430,105.67299937751277
432,105.15642136019306
437,117.77040769929643
446,121.61683749641723
448,114.36398083208229
452,117.13643226926355
466,110.52329807877523
472,102.1554442582489
475,106.1379737033883
487,100.75603490780478
489,102.67292144724738
496,105.77833079312882
500,110.57241885440462
503,105.5545289680609
510,119.4991027883835
515,105.36883577679406
518,102.013281596409
520,103.42502187527107
525,108.08244427881408
532,107.78375586897143
536,103.40410459738804
538,108.87079648694794
549,108.79352283202981
550,106.37893225561358
552,112.82753083448759
560,111.65605382732845
564,104.67741989266973
566,109.85993766123588
567,108.22280079937804
571,108.76570192485754
581,113.25768334297618
592,109.29488921692447
594,110.57974411564742
603,111.25634981180727
604,100.80895929673554
607,100.74086581308273
613,110.06660233639835
619,112.76702174990018
625,118.3603566032285
627,97.7339002917316
628,108.15045857467372
631,96.10917368837848
632,109.38309688300515
634,114.38055112765136
639,114.32245676681708
643,103.03707589435018
644,103.08723948809521
646,103.66096904303163
650,111.35330037292026
651,102.12281445569646
653,105.51842635610554
656,104.76535238943796
658,112.97892796224825
661,101.68882788748334
666,104.30811551906888
667,102.99221950433001
679,105.76010232885622
682,99.19206319194808
685,110.20107503953746
686,108.88589763428861
691,106.56655032268019
692,103.09528695079891
693,102.1046091240515
699,95.55168316605737
711,102.2743859725821
715,100.1794861353522
718,105.91798631028588
720,104.71784744258764
721,107.2316588089862
727,110.64540855753815
732,104.24799921558633
736,103.8217685071761
738,100.97404529202288
745,109.95912934865628
746,98.77703467291138
751,103.46810284311016
754,102.56615240453003
759,110.05559911705961
760,104.36404869874829
763,98.20385098665015
769,107.5623782311055
775,122.24619338749305
776,112.75794415523661
777,114.96416430922865
783,100.23967367646594
784,107.21595903070272
792,110.84229623368131
796,110.95422510589177
