id,target
17,105.09337720313624
19,107.32378815986905
25,115.49033842360075
32,106.95351601029789
33,108.68601748074724
36,108.66183986999984
38,93.91939329326583
51,111.62311321138532
57,112.79841041071901
60,108.28122655849116
62,104.58357780649979
63,106.50563636012785
65,108.78377609334555
66,115.33936149581179
69,105.97739502512533
70,110.81183131888157
71,112.98119669630486
74,108.15070233670066
75,107.52130063248842
83,111.89803486195868
84,112.06182492021912
85,115.20955041998714
87,121.82369062202
89,113.56303613883735
92,96.91116447363156
95,112.66924748860129
98,113.33237291731945
101,118.68601405577422
102,108.03940066517136
104,108.05462311360907
111,107.2746155690847
117,113.94775108336852
120,104.02702797795259
124,119.81327851323351
127,119.58473049888156
130,123.43755086660097
134,103.62726140836358
136,98.25139742183842
137,109.16078529786023
139,101.40010122620859
140,112.45120901164063
145,99.17614485935172
147,114.60405262367142
151,107.75087159294083
152,102.71083680401765
153,107.17774449851304
155,117.47710240003224
163,108.13420664429938
165,108.20088089523297
170,105.5821966614794
174,84.32176697007718
179,105.54043401093152
183,105.19953487494908
189,110.18738189482536
192,91.51478928811522
193,110.47556482432694
194,111.69723798772411
196,107.64180190896373
206,106.3248025470222
210,107.31958240420009
216,107.14951527189432
223,105.50285283801384
225,111.07959196048573
228,112.43430582996447
230,106.32095457325869
235,108.5911414335311
239,106.03240642340336
241,109.32092463434368
247,102.08730236246986
253,99.16560543173226
256,104.68999716335168
261,107.49734773096873
264,104.20770807280512
266,116.61888303116639
268,107.91023900484764
269,111.48058053075124
276,105.55415292723771
281,108.12322677655749
283,98.69208819157392
286,103.57861995579873
290,108.11634076642383
301,104.89562309351042
305,90.67146975182665
309,110.15806562112435
316,100.453213309041
327,104.78680974341555
335,94.9295834683839
338,103.16414694399997
340,107.86690562430333
342,96.64963352229462
345,100.18845176470015
351,97.40074442828116
353,98.34818556439852
358,105.87346542951137
362,113.22231752999676
367,121.69230679841556
372,123.00201863480736
375,102.47686010757539
377,112.0574630130767
383,120.81591520180518
387,108.95513044107939
391,112.68550611696656
392,104.30411521013288
396,102.03215897825696
397,109.79776849243025
398,118.45856741636075
399,109.58309365583334
406,105.29399732780068
407,107.4776989218191
415,107.51529213203908
416,103.00906642659795
430,106.09793001991387
432,105.3934046326914
437,117.44157302735425
446,121.3065208865629
448,114.66385227834166
452,116.7905985668424
466,110.81245178413496
472,103.29433400350652
475,106.71172072060318
487,101.00743240806686
489,102.87866702378848
496,106.51455499402282
500,110.57385856365113
503,106.13875954931062
510,119.02325576562217
515,105.41896546879393
518,102.43738056291112
520,104.25070737324839
525,108.22305271579368
532,108.06033197187577
536,104.33574118094884
538,109.67259896861721
549,108.43143674525183
550,106.88664147916441
552,112.40844646327133
560,111.72902444259113
564,104.2298292243403
566,110.19192073930925
567,108.52091496250377
571,108.55155791148387
581,113.94213329382337
592,109.51608062472694
594,109.85648051339366
603,111.79458699890809
604,102.33943744124703
607,101.67044928533693
613,109.60844985929782
619,113.0744378421194
625,117.54847238380553
627,97.58922107379202
628,108.38207872486983
631,98.14864174466665
632,109.78338409960776
634,113.88528346823534
639,114.03133795812167
643,103.58179589564355
644,103.3474474934453
646,103.83096395149263
650,111.19639707965399
651,102.58384113844478
653,105.8980506673917
656,104.53279416751147
658,112.56684841955163
661,102.2061164692711
666,105.11191352809797
667,103.21433137818599
679,105.90160216901117
682,99.2959599365553
685,109.70185350527424
686,108.9061841570766
691,107.39505634832389
692,103.15171154764755
693,102.0450948440587
699,95.25731467998436
711,102.15912772358973
715,101.2306325589991
718,105.6907090627322
720,105.55580450358812
721,107.54444710243017
727,111.23624723989322
732,105.3483990202469
736,104.61773266914662
738,101.63684593440276
745,109.81919791722684
746,98.59378356634772
751,104.13381479010417
754,103.47981761231924
759,110.67400234197702
760,104.81333449890913
763,98.6263477978722
769,108.19118711407894
775,121.52532595640037
776,113.2177583978306
777,115.17638855180721
783,100.53857756691836
784,106.55200818316274
792,110.86477723228883
796,110.70154283834317
