id,target
17,92.48834519576363
19,96.6935064967597
25,137.58981372933903
32,90.89381369890857
33,101.92162585399237
36,122.65165970598461
38,74.5176091030225
51,105.6852951746257
57,105.52076575065131
60,111.87684870978003
62,113.88515450229688
63,118.90435259977615
65,100.8703895159682
66,137.93763539697372
69,119.09296080691051
70,99.16255217452436
71,103.46601914901271
74,110.28047057348047
75,117.76512633172763
83,117.04500867814505
84,134.64147323305684
85,116.30410844170622
87,141.73007654159363
89,118.1058569181621
92,104.66556658844006
95,108.43167334465697
98,127.82914279347699
101,142.80245275318808
102,110.08215282277214
104,105.42299410919777
111,103.1151400812766
117,115.7451210816471
120,104.57768749107822
124,128.85383133880188
127,133.12243746909027
130,158.0119958077891
134,102.62086109564454
136,92.37970601770809
137,96.96790255423271
139,79.50137461624007
140,102.06005638861944
145,90.50282777068453
147,125.04191803989744
151,90.72612204177223
152,103.3532270660522
153,117.7176187750665
155,132.88835122741955
163,93.12938051336384
165,97.88494830906659
170,94.00837099700993
174,136.9479553207357
179,114.86509560418973
183,113.25947463824173
189,116.6843136264951
192,102.70306314661066
193,126.86839039362404
194,119.18447103639747
196,103.99124741161172
206,113.01508489595123
210,92.42646393430736
216,96.5554412889014
223,89.47845825676639
225,102.55694084948453
228,118.6655921629038
230,98.08060825095629
235,76.34073989076414
239,126.82258305220921
241,107.14283560131352
247,97.26748370267099
253,83.85205474286946
256,77.95648960313862
261,108.07305069601159
264,74.61730847333514
266,118.75916580709193
268,104.6811039132991
269,112.71488227085773
276,83.88895632875895
281,91.0091220217138
283,78.23547505497716
286,83.51644291740588
290,79.60630897621202
301,103.68651707029233
305,75.51414039358197
309,122.19201007023527
316,83.45965018673847
327,108.86985876200941
335,108.65181914517434
338,80.43491224253928
340,119.25440210147305
342,110.51463102885239
345,71.86805424096913
351,82.78195161231828
353,113.75455189918573
358,93.1654018636314
362,138.81180010057187
367,142.50160699076534
372,155.4782112883635
375,106.05480019918582
377,118.92785268456488
383,136.47043956685036
387,122.43515778661508
391,135.7039346071228
392,104.50369909512982
396,97.91456034729919
397,115.91084088758227
398,126.62067727738481
399,99.1012956850635
406,98.46850751201687
407,100.47322168484132
415,112.08972297014176
416,91.12000615134885
430,95.47466395988612
432,99.46882282023321
437,125.66243982590886
446,129.06443613292134
448,107.16706612185713
452,125.43644112737142
466,103.58360915014148
472,74.82209037206593
475,92.36804529023104
487,94.72249490151488
489,97.73502761026086
496,88.10894997167289
500,110.53786583248836
503,91.53299501806755
510,130.91943133465548
515,104.16572316879723
518,91.83490640035802
520,83.60856992381541
525,104.70784179130375
532,101.14592939926735
536,81.04482659192877
538,89.62753692688574
549,117.48358891470139
550,94.19391089039371
552,122.8855557436778
560,109.90475906102424
564,115.41959593257617
566,101.89234378747494
567,101.06806088436072
571,113.9051582458259
581,96.83088452264332
592,103.98629542966539
594,127.93807056973725
603,98.33865732138786
604,64.07748382845999
607,78.43086247898233
613,121.06226178681106
619,105.38903553663896
625,137.84557786937978
627,101.20620152228156
628,102.59157496996723
631,47.161940337462475
632,99.77620368454265
634,126.26697495363555
639,121.30930817550734
643,89.96379586330946
644,96.84224735969296
646,99.58109123996775
650,115.11897941131075
651,91.0581740697367
653,96.40744288523764
656,110.34674971567404
658,122.86883698696714
661,89.27390192457744
666,85.01696330237063
667,97.66153453178687
679,102.36410616513766
682,96.6985413213747
685,122.18239186185473
686,108.39902108737706
691,86.68240570723138
692,101.74109662643164
693,103.5329518438791
699,102.61652683180999
711,105.04058394839906
715,74.9519719678269
718,111.37264025157447
720,84.60687797857634
721,99.72473976633087
727,96.46528018101631
732,77.83840390373284
736,84.71862861988375
738,85.06682987490585
745,113.31748370296296
746,103.17506123043944
751,87.49101611525411
754,80.63818741758892
759,95.21392171904225
760,93.5811894948883
763,88.0639275173212
769,92.47096503974284
775,139.5470117337176
776,101.72240233298145
777,109.87078248734329
783,93.06598030560824
784,123.15077937166228
792,110.30275226710108
796,117.01859952705843
