id,target
17,103.9826026521533
19,99.16462777146747
25,101.10670153476761
32,97.27680179649828
33,110.50997795867164
36,97.80341601458457
38,88.65828976542718
51,104.06259487341246
57,110.48230081241888
60,107.42028196574317
62,101.42212640874364
63,101.60186523444727
65,113.05405038989534
66,104.90012133629912
69,112.25204898915577
70,110.45731493930417
71,104.8488979158546
74,97.03778140424312
75,103.60272997106128
83,107.91193810802451
84,112.19515345069745
85,116.8044693837941
87,117.13795258984243
89,110.73388187003921
92,87.44734807437351
95,103.73191498949545
98,113.63427102634267
101,107.62898404452818
102,96.71159848144283
104,107.0045372804866
111,112.23174609450265
117,116.84960670384609
120,98.24322579532914
124,113.96315223595036
127,117.66480804311456
130,120.0442826117555
134,96.26728185150296
136,92.3576598944393
137,101.65435513022211
139,99.42357033665955
140,109.99277907528402
145,79.63645063808082
147,113.22885717783835
151,110.61060184193974
152,87.66264434718818
153,101.94976234133307
155,113.4167369360083
163,105.99890746690006
165,110.05789643975761
170,99.44599510413939
174,114.3589097037022
179,101.63480575590961
183,112.50968119840657
189,103.50045543972941
192,100.94929453256344
193,110.89760251568777
194,104.0540065216348
196,104.5791536590865
206,113.07630665239799
210,112.0282873542921
216,105.37621424139448
223,105.47383309002741
225,112.3586583722432
228,112.04382252274804
230,107.40022434748768
235,111.02195783765768
239,93.07120142377632
241,96.9269841091791
247,98.6585442873832
253,87.35963199202358
256,110.56660014241785
261,105.43357573483901
264,111.47803547489632
266,113.13645348039861
268,101.87086568626628
269,103.39475626710468
276,96.68878537813524
281,113.56565722707171
283,103.85898939940061
286,102.27074989430794
290,115.08031456382693
301,104.70980941022056
305,90.6273190652094
309,109.18587633825337
316,91.02359356408239
327,100.55597456554204
335,87.89531460758825
338,105.91738416944739
340,102.53255005865253
342,93.34354615643676
345,95.14728071014655
351,90.79451047578613
353,92.40538650529888
358,99.38516684877806
362,115.15183233481575
367,100.4680176651182
372,104.0546567226819
375,83.83320299111536
377,108.9005485685373
383,110.3877657206709
387,96.38554536913547
391,106.23453084897235
392,106.71562809883419
396,112.6681497664177
397,113.30829601668248
398,113.34017886866579
399,117.00070432903175
406,114.02417316589069
407,117.14528757592802
415,102.2840558183481
416,104.02595723169593
430,104.18421513341818
432,101.24457481734669
437,121.66421307710432
446,117.13341103106724
448,119.98736480269865
452,113.41860521667756
466,116.6341673123882
472,110.1955679660592
475,112.58181595497415
487,100.14307567133984
489,95.71525808713122
496,109.59392577854905
500,104.04373118745353
503,107.83639655579546
510,112.99435896004397
515,93.71053257041385
518,100.35554995218425
520,97.97941186069838
525,101.75885445673421
532,110.18934950987357
536,104.02917175220226
538,113.12404317837837
549,107.8616579791568
550,104.48150699253307
552,107.34853480361072
560,101.57676970559024
564,105.05675738900241
566,110.84536854100908
567,109.83815583629118
571,101.484887555945
581,117.8056851949432
592,108.81281279395363
594,106.6328199160394
603,111.10107894337892
604,102.5499229373792
607,103.18371850847379
613,101.86373603753361
619,124.89349760830758
625,111.69653979255776
627,98.7553229499631
628,106.17691654026781
631,101.73805867971105
632,112.14558738628439
634,104.28407262570326
639,116.19691103076646
643,94.56523186719801
644,104.81229124476995
646,104.54076701459117
650,115.04766264265454
651,104.96261986859365
653,111.14884678913128
656,99.90203420341403
658,105.09395389404838
661,100.22261202143613
666,101.43196241990847
667,99.50011105700047
679,107.05921683892181
682,99.05922516718425
685,105.05491123303285
686,108.0248536143062
691,100.62720856765988
692,101.75923602336276
693,99.18515618305929
699,83.47454528676559
711,97.22391241458493
715,102.5596041795409
718,108.35935444668414
720,101.49378749355807
721,105.34467595020732
727,117.22663305253826
732,107.92231637530378
736,98.92304691273972
738,99.24957498412607
745,102.52688318777469
746,92.50553535969848
751,101.5972879558224
754,99.59215965668551
759,113.2590632345846
760,112.02840395849752
763,97.91937776716792
769,102.91463007664059
775,119.12715213484144
776,109.80036199747455
777,102.7097917155997
783,89.6258589036874
784,102.0038830096058
792,105.17829856320932
796,105.23557252428701
