id,target
17,109.93333333333334
19,115.375
25,107.66666666666667
32,107.66666666666667
33,117.64285714285714
36,111.4
38,99.33333333333333
51,117.11111111111111
57,109.5
60,99.33333333333333
62,109.13888888888889
63,106.75
65,106.25
66,111.8
69,105.30357142857143
70,114.91666666666667
71,113.26470588235294
74,109.9
75,114.5909090909091
83,111.27272727272727
84,107.66666666666667
85,111.5
87,113.68055555555556
89,105.83333333333333
92,111.27272727272727
95,109.13888888888889
98,113.8076923076923
101,107.27272727272727
102,100.11538461538461
104,103.36666666666666
111,113.2258064516129
117,116.04166666666667
120,106.34615384615384
124,115.41176470588235
127,113.64285714285714
130,119.375
134,111.5
136,109.13888888888889
137,116.04166666666667
139,109.42307692307692
140,111.5
145,97.6
147,119.0625
151,106.75
152,94.55172413793103
153,95.78378378378379
155,113.83333333333333
163,116.23076923076923
165,111.5
170,100.35714285714286
174,96.25
179,104.20454545454545
183,115.25
189,105.38888888888889
192,97.32352941176471
193,115.375
194,102.79166666666667
196,115.25
206,111.71739130434783
210,100.1923076923077
216,112.41666666666667
223,96.5
225,118.0
228,111.82142857142857
230,113.8076923076923
235,111.83333333333333
239,111.27272727272727
241,111.5
247,105.89285714285714
253,102.0
256,109.13888888888889
261,103.2
264,105.38888888888889
266,105.16666666666667
268,111.27272727272727
269,109.9
276,108.33333333333333
281,113.68055555555556
283,99.875
286,112.43181818181819
290,107.63636363636364
301,119.07142857142857
305,99.21875
309,111.77777777777777
316,109.08333333333333
327,115.375
335,106.75
338,108.33333333333333
340,114.5
342,113.64285714285714
345,97.32352941176471
351,93.52083333333333
353,112.46153846153847
358,118.2
362,99.875
367,111.77777777777777
372,115.375
375,113.97058823529412
377,119.17441860465117
383,113.97058823529412
387,117.11111111111111
391,113.8076923076923
392,106.66666666666667
396,99.8
397,114.5909090909091
398,117.34615384615384
399,106.94444444444444
406,103.375
407,111.3
415,102.0
416,111.77777777777777
430,104.44827586206897
432,109.9
437,109.82
446,115.375
448,111.4
452,112.41666666666667
466,109.9
472,111.3
475,106.94444444444444
487,97.75
489,97.88709677419355
496,109.42307692307692
500,105.07142857142857
503,107.25
510,112.43181818181819
515,112.5
518,99.21875
520,110.625
525,105.30357142857143
532,111.5
536,107.66666666666667
538,109.08333333333333
549,106.34615384615384
550,119.36538461538461
552,113.625
560,114.91666666666667
564,111.71739130434783
566,112.5
567,113.8076923076923
571,113.97058823529412
581,112.5
592,109.82
594,111.82142857142857
603,115.95588235294117
604,97.27
607,107.25
613,113.83333333333333
619,109.82
625,113.8076923076923
627,101.5
628,99.11111111111111
631,104.6842105263158
632,112.40625
634,107.83333333333333
639,111.3
643,99.33333333333333
644,113.2258064516129
646,115.375
650,117.17647058823529
651,106.92857142857143
653,109.9
656,99.83870967741936
658,112.5
661,94.53333333333333
666,103.6590909090909
667,113.8076923076923
679,105.30357142857143
682,105.38888888888889
685,117.17647058823529
686,103.375
691,107.27272727272727
692,109.9
693,107.66666666666667
699,105.07142857142857
711,106.34615384615384
715,111.5
718,105.38888888888889
720,105.16666666666667
721,109.13888888888889
727,107.66666666666667
732,106.34615384615384
736,111.83333333333333
738,104.20454545454545
745,107.0
746,96.6842105263158
751,115.41176470588235
754,98.85714285714286
759,100.11538461538461
760,105.38888888888889
763,102.4
769,104.41666666666667
775,113.68055555555556
776,113.5
777,111.27272727272727
783,103.36666666666666
784,109.08333333333333
792,111.77777777777777
796,111.82142857142857
