id,target
17,105.09326973711447
19,107.34941863067124
25,115.52918335700262
32,106.9476569531228
33,108.65894412952471
36,108.69281318332035
38,93.98757506131153
51,111.6168231614183
57,112.79527723783814
60,108.27256192604402
62,104.56813538568825
63,106.52191121656423
65,108.80727209151053
66,115.32376310781751
69,105.95970954318842
70,110.80630391323903
71,112.97882884447462
74,108.12912843036311
75,107.54168684523881
83,111.8716578346213
84,112.04150998312495
85,115.17434328301954
87,121.79459925559391
89,113.55821087165337
92,96.9124338096121
95,112.63853922205634
98,113.29565672103314
101,118.61726592109491
102,108.06349338099312
104,108.0545627742304
111,107.28617736065547
117,113.91618776470719
120,104.00528276443106
124,119.80008405724531
127,119.53844787810563
130,123.37341156266226
134,103.65126198292882
136,98.29012120729018
137,109.16373328049723
139,101.4388633243477
140,112.43282174351398
145,99.19339448196521
147,114.59048210513163
151,107.76699976141037
152,102.76631332374407
153,107.15304456259524
155,117.47514543953744
163,108.15192158534049
165,108.19056097123358
170,105.57350679706758
174,84.28809714242132
179,105.57108706826261
183,105.2252827633999
189,110.20410280592894
192,91.5627299561229
193,110.41819612489677
194,111.68982337782681
196,107.68714014787848
206,106.31123062968518
210,107.33606362979154
216,107.15441965283674
223,105.49102096971166
225,111.04624068848008
228,112.41630574479005
230,106.31728179506415
235,108.56436081730963
239,106.05770006529528
241,109.33367747669541
247,102.1130106970975
253,99.21552692766197
256,104.70543534075895
261,107.49214951179611
264,104.22800590469582
266,116.61565736991112
268,107.9378244040817
269,111.47057368836919
276,105.53237737619804
281,108.10556598354417
283,98.73889875934691
286,103.60167747050511
290,108.1276900710188
301,104.91899319915687
305,90.70974411197648
309,110.1345433585114
316,100.47550315199182
327,104.7886427211046
335,94.96394275690028
338,103.19706983699676
340,107.87711271592269
342,96.70103853565396
345,100.23461113429343
351,97.43756104708146
353,98.38531112238275
358,105.92912853975028
362,113.22201104554657
367,121.6700697662647
372,122.99695466805454
375,102.48372959671984
377,112.03393899997143
383,120.77592749864743
387,109.00336751704356
391,112.7081472876902
392,104.34089077583573
396,102.01966752765703
397,109.77904727158126
398,118.42906647213233
399,109.58264915698517
406,105.29755644358794
407,107.48512143655294
415,107.51844974731334
416,103.0213318487172
430,106.11619120338601
432,105.4089772803642
437,117.42638047911765
446,121.29413518518562
448,114.67675040717205
452,116.78410727351505
466,110.78845271934418
472,103.31257045606266
475,106.71362802571038
487,101.0086287530549
489,102.92713017266232
496,106.55336843071974
500,110.56110470055036
503,106.16911914287523
510,119.02249805999473
515,105.43290730939472
518,102.4769813786288
520,104.26716041866699
525,108.27607196169144
532,108.05867969102701
536,104.34863987899185
538,109.66364660035521
549,108.4493033507278
550,106.90448643911887
552,112.44141988016118
560,111.73754152537846
564,104.21710803456594
566,110.16588286865202
567,108.51108993758987
571,108.55087888864342
581,113.92469692315808
592,109.47705811899384
594,109.85205451320216
603,111.81873677221606
604,102.37652563299257
607,101.6845086046668
613,109.63508872987934
619,113.0353296531746
625,117.59341678558744
627,97.6466262694805
628,108.3714446079955
631,98.19973328479439
632,109.77961649916192
634,113.886000321626
639,114.01010821581717
643,103.5977922622116
644,103.39324316473026
646,103.83486615863261
650,111.15675473450447
651,102.61115641684037
653,105.9262197890094
656,104.56418146065647
658,112.56329308009745
661,102.222505239655
666,105.12728087772592
667,103.27278220543428
679,105.8847476567048
682,99.3109815978105
685,109.70534123595318
686,108.90544901953417
691,107.40711501707271
692,103.1479237312027
693,102.05279423402767
699,95.32978697871569
711,102.16826249928445
715,101.25975212393021
718,105.71254851863296
720,105.57210686024219
721,107.5142992415177
727,111.23615956161427
732,105.35019227390715
736,104.61941590940087
738,101.69802314016145
745,109.83967748427223
746,98.5893679918939
751,104.15493833853267
754,103.51854261272138
759,110.6538689040424
760,104.82398248642876
763,98.66154453094518
769,108.17531077540997
775,121.47816211560847
776,113.17702966678618
777,115.15737616829905
783,100.54872014495984
784,106.52918940431235
792,110.85370052358925
796,110.69520255126318
