id,target
17,103.5389533383251
19,107.99192126119412
25,108.30267948441873
32,103.58572920170975
33,103.46895540566506
36,104.60963697534186
38,105.01547685753033
51,108.80339170148167
57,110.58431723589223
60,104.49094608597922
62,106.92877910235816
63,108.67676987659766
65,107.67418151588518
66,106.24974841480423
69,103.76123005000056
70,107.46219406178965
71,109.02759634444844
74,105.93923798814033
75,106.15342233565886
83,104.09570103752145
84,112.04112485487242
85,109.01405937002197
87,110.1310878288362
89,107.83174311963975
92,104.48097363791685
95,106.9129666918702
98,105.39504451559752
101,108.10381630093195
102,105.1288837789294
104,103.54585158991968
111,104.41945491079073
117,105.81296414309553
120,105.53838962023896
124,103.75914181896924
127,106.4682637876451
130,106.40136307775943
134,104.06419811303839
136,105.01324353952683
137,107.6777851000053
139,103.86219991396486
140,104.59949992914815
145,106.94696224301991
147,106.41290796077979
151,104.47882878141709
152,104.23872003038868
153,105.54330497447626
155,105.72358998418342
163,103.65999267106221
165,103.50984828838291
170,102.0100255005955
174,101.08178873010256
179,108.32085420607909
183,100.91167907825663
189,106.51426054226508
192,104.26529492530409
193,106.51287975293302
194,107.23202401245356
196,104.65208023984124
206,103.84185273997434
210,106.46421647281723
216,104.79569703269442
223,105.48902443008195
225,104.42069791533969
228,106.8677309740482
230,103.46603068064492
235,113.61102230571096
239,101.52162725893365
241,106.79486864730606
247,101.12185220353426
253,104.93287566128049
256,108.05314386526679
261,103.55518313142308
264,101.23838080576625
266,109.80732077386504
268,101.2168452356455
269,108.79907386605419
276,103.9957995762744
281,103.5788668690247
283,107.95327106063723
286,102.44150789643147
290,106.89482393069083
301,103.27890560664201
305,101.80871512336759
309,106.53306046475913
316,105.31014120137019
327,103.43504966410715
335,101.21199558619341
338,104.56955842925264
340,103.38309541299705
342,102.22543828377624
345,103.6210267063217
351,101.59436061778975
353,105.0231025901043
358,109.10628367527487
362,106.53089756562306
367,109.79562419635714
372,109.7009933990757
375,103.42731120820443
377,105.54573023431661
383,103.90260953206487
387,108.79570358439929
391,106.36819839694658
392,102.45930523005505
396,103.47010062557887
397,107.92092450976429
398,107.66333402368139
399,102.19783924857289
406,108.18492293749921
407,105.56213030942526
415,105.01302901476332
416,102.02523588458764
430,103.43184290560723
432,108.23121678296341
437,107.6523149695192
446,108.29580172310294
448,104.46882882480676
452,111.98350036380633
466,102.07051192838887
472,108.74800229316631
475,106.87840463381475
487,105.29030454472782
489,107.19648476580537
496,106.42657781408545
500,106.45081437825425
503,108.81471893246086
510,109.03805005660232
515,103.43097394314023
518,106.83366899951727
520,107.17248689569136
525,110.4075300002332
532,109.91814285360354
536,104.80506270542648
538,104.63927295254241
549,104.75247444577705
550,109.04129297447237
552,110.81331736939981
560,105.41221564900422
564,105.30958564326335
566,106.76366126444721
567,105.11944832963643
571,105.94270693624404
581,109.680362667436
592,110.17713523518601
594,106.19014978725947
603,109.09771297188385
604,107.94686832107703
607,104.52230701420704
613,104.68589543729883
619,108.19026470490626
625,108.4882877398633
627,109.86999110575513
628,107.33456365634859
631,107.23367834755577
632,108.32962460578577
634,108.93156389661075
639,108.93478250999694
643,104.53813494627843
644,104.28039034089622
646,106.36795650291386
650,107.96301682415256
651,101.90700242387634
653,103.15039448402072
656,104.75428129146603
658,105.46326055458954
661,108.6772218014797
666,105.24901840961749
667,100.0017747100653
679,104.39881667317763
682,104.65949521871701
685,104.53856061419475
686,108.80235489044895
691,104.71617566404578
692,100.2591245061567
693,107.91366028809973
699,101.475152638055
711,99.25819296624877
715,103.28652111921149
718,105.32203045724607
720,99.90771489416079
721,107.73166139786636
727,103.56052845854789
732,104.16506291075689
736,106.72358599941538
738,107.30634736960262
745,105.25186320080122
746,100.84177734644791
751,103.49936655309192
754,101.36185981924875
759,107.9193324690513
760,107.54122194467803
763,104.8474470215096
769,106.87663950423169
775,106.81945562000591
776,110.13088697036885
777,108.77305634184138
783,104.07062789212603
784,106.96339904966885
792,108.38813194190584
796,106.89217780501045
