id,target
17,109.38433782475597
19,101.615597237684
25,109.04234372696803
32,108.2156201364534
33,108.21837649498507
36,110.37906457635594
38,109.30082593916977
51,108.51481740472684
57,106.06556188088942
60,105.51335751643536
62,101.98478876705771
63,105.32228610797777
65,112.16303375096773
66,102.86014074268282
69,105.00613738283462
70,107.54123387733637
71,107.19478353712911
74,103.89382329631192
75,107.72972459060789
83,106.49199400684545
84,107.78344351167277
85,107.74066500376225
87,106.59797852141074
89,110.33045484515601
92,111.8377407411921
95,106.40495543352282
98,104.35596844177314
101,111.99083711641528
102,118.15592104893081
104,101.48578723762108
111,107.24717066242984
117,108.30222336155565
120,104.82542216381914
124,113.29987133033144
127,115.29538726203293
130,105.80490280569798
134,109.57115581322363
136,107.16730721817027
137,105.27621223937429
139,102.38051675605182
140,106.83218496250478
145,103.70011500872985
147,103.75878045326304
151,107.98706554080918
152,106.15228409921754
153,102.62684538965603
155,100.82114676326772
163,102.47644591284984
165,106.09502853331108
170,103.3249990384036
174,110.06399083023156
179,110.99368772500273
183,107.99729658169433
189,108.75952453603965
192,108.70065115077382
193,108.54935580339293
194,106.70853534943076
196,108.6197375321027
206,108.88270719182526
210,109.5051163492507
216,107.84731712020944
223,103.50435412334743
225,107.25146689662252
228,103.8351023694055
230,107.7866925940989
235,106.26201434174517
239,107.66214522228826
241,107.08376702292998
247,108.33290697998925
253,110.98813442604997
256,112.81781087153922
261,108.64133927804663
264,106.2860837224327
266,106.27782771081408
268,109.05585118384178
269,110.81535546932096
276,109.65246135987182
281,114.18510323039598
283,111.91430012623536
286,109.16649034514964
290,109.95247507986441
301,105.64722927763034
305,108.72517931250187
309,112.36436205196058
316,108.41035438757528
327,108.61802589933447
335,103.33043863582327
338,109.63710671127089
340,104.54304791265818
342,107.2819870384433
345,100.81719613723236
351,104.29489852696005
353,107.18789616666187
358,110.57751685206941
362,109.44244660009912
367,118.81576238484011
372,109.0493959101428
375,113.9325415071551
377,107.11623225223883
383,119.07856061632597
387,107.95448870485316
391,108.19312991818207
392,114.32815509976932
396,109.50350649477107
397,112.35227537915472
398,111.43148207129595
399,109.50152024346183
406,104.370599493624
407,108.78893802444968
415,109.50711325354942
416,111.3499703785082
430,104.47273065117241
432,117.07972354713259
437,108.15513956838262
446,103.6309016847412
448,104.4420615703982
452,103.90111274148144
466,101.35201481399372
472,110.29021013142979
475,103.5499431697155
487,110.91177025362346
489,112.47277191339249
496,110.52467632829641
500,110.95487139977804
503,113.22967141278527
510,108.69004505607904
515,110.59538872453851
518,108.2166618889328
520,119.64083963945548
525,111.41714198116966
532,110.04210639442569
536,109.89553246706889
538,108.61144538819758
549,110.64829802052007
550,109.04978625087243
552,107.70741622831419
560,108.73498612155107
564,107.02786766219882
566,107.20890640348274
567,105.70710013293255
571,108.22275353583441
581,111.29069569880306
592,107.91114923811537
594,105.60319100842607
603,118.31973538589293
604,110.51578322355365
607,115.06063234844278
613,101.6434998385324
619,111.10394537481994
625,112.12876315448013
627,109.0552904854753
628,111.6734669299324
631,112.47686795609094
632,112.72973195765239
634,111.67969672899252
639,111.61927232251931
643,109.11540762128362
644,105.16990406098802
646,105.85829692241089
650,105.55926476900444
651,100.42655569463875
653,107.63720864213403
656,102.58614891743156
658,102.18684618241576
661,106.16071956628363
666,105.99012140917104
667,106.75068098174351
679,109.83714059435214
682,108.64683203019915
685,107.7481745405911
686,108.11136319723732
691,109.59590986123693
692,106.92743153396908
693,110.77836740017807
699,102.85111539891251
711,108.33603941692355
715,112.34030833849752
718,103.69617177668316
720,109.1451607420934
721,110.72329245511906
727,115.32533534874752
732,111.60763053440346
736,111.24447986907145
738,118.3385610200871
745,101.38359972164596
746,102.40715549995156
751,109.1527995737384
754,109.23168529041806
759,106.11001235987267
760,117.67957882596097
763,111.43787341685771
769,108.51040405509072
775,106.34263309995812
776,109.4230685483757
777,113.27802166104426
783,116.36830840644768
784,115.73826372214005
792,111.4149218776524
796,106.91011696305726
