id,target
17,105.50525700043585
19,106.68258109069606
25,110.86465008779763
32,105.08088313827197
33,106.2468529399725
36,104.04334751920183
38,110.07453809815989
51,109.541721957656
57,110.02081538980408
60,103.45889055014906
62,102.01704480692608
63,107.1497300731278
65,111.09752702163867
66,111.10750181250549
69,108.14074053115746
70,115.231917791145
71,105.66839608145305
74,102.80532942685961
75,109.54150818141642
83,109.8010145943018
84,110.7129993868719
85,106.51359165731103
87,108.54060420674487
89,111.01054939504402
92,108.51771036014298
95,110.55816612863445
98,111.16115955978418
101,116.06820117589348
102,107.94947843254096
104,110.31708729857701
111,110.54440400707763
117,105.68144964670623
120,111.01938294325358
124,108.10287197125689
127,112.16144806109368
130,114.69094025812
134,102.0510996588791
136,103.10926962560703
137,103.24029548076058
139,106.71090461866511
140,110.02942114381148
145,109.33847692382395
147,110.43626820842033
151,109.61918545890828
152,102.2844494155401
153,100.22481868000168
155,108.91736373733649
163,108.90156732797931
165,110.57095795130401
170,107.60127968355332
174,102.88350039606352
179,103.7600298144499
183,111.75985456628901
189,110.5847269811663
192,107.95488790594841
193,109.1568905604539
194,111.65266971930835
196,109.2719639427556
206,112.54747128786155
210,105.174880858465
216,105.86859918768856
223,101.80209436078712
225,110.35062010036573
228,110.8021898891075
230,109.73592618941409
235,107.04341358621055
239,111.14814755316264
241,110.42839207783263
247,108.7597746284714
253,104.08435263318376
256,109.30027125713784
261,112.24909863343484
264,111.29215345589968
266,110.6308285889682
268,109.33578600350307
269,111.29672068643747
276,108.9537711643635
281,108.06494283092528
283,109.98233911531267
286,109.77918244087397
290,108.29278154522784
301,105.2053331402031
305,101.89959033465719
309,116.97278398308852
316,107.42369329988738
327,109.03420100852287
335,111.22630560719993
338,110.39148918871516
340,110.7376982919222
342,106.71725239749196
345,102.40959575785834
351,96.88791936084988
353,103.106581655217
358,105.54522983201207
362,106.98023858193729
367,108.69469740908502
372,104.59230306550428
375,105.47592505662433
377,109.58011352882649
383,109.86774342757025
387,105.40053187253793
391,107.1662943446301
392,106.77251103496948
396,106.29497787817103
397,109.6691156065975
398,109.89829804497495
399,108.56407162890963
406,113.59595054744197
407,106.86765666881392
415,107.18139749977134
416,109.15515661427935
430,108.32719675819071
432,106.6925974714807
437,118.84147013996787
446,106.36899758450237
448,112.7480307421385
452,109.54693106486437
466,108.81370478355998
472,105.0216409662583
475,101.90029874201235
487,107.12958180944952
489,104.5484694398383
496,109.77340650720825
500,104.75900353177335
503,106.98202164658977
510,109.69913445565132
515,108.13945562261476
518,101.13914067508013
520,109.7472913231154
525,108.77536509463116
532,100.76718829557512
536,102.61652752071565
538,108.44546809427781
549,110.50237609561698
550,106.25345781497728
552,102.36878016268987
560,109.24913989257972
564,104.66496347798113
566,106.58937321173052
567,107.89037936243928
571,104.64917010536715
581,112.92555364530263
592,103.88052115942732
594,108.41925171988011
603,109.22052088837324
604,110.10720044754238
607,103.96790621318043
613,112.19146384112824
619,106.19556737992734
625,109.42984877791694
627,106.52643689135746
628,102.11339481452906
631,107.03922883046063
632,109.07996823397451
634,109.54882727590378
639,111.81626201749754
643,104.88149210812581
644,109.89283165390529
646,108.15721125256312
650,111.94259160940625
651,109.73477786171001
653,109.18012516260833
656,105.98387493843481
658,113.6436500753607
661,103.42630729166339
666,102.35189626787721
667,107.62523846298222
679,104.33904595337904
682,105.20190980004385
685,110.84963881044011
686,113.44920493668877
691,108.00107416928854
692,109.04804613706297
693,104.28308435764943
699,103.2735858439441
711,101.26593645701081
715,103.78960717267941
718,110.81142207089245
720,106.18888077971715
721,107.38775429656403
727,109.61803849907511
732,107.11654498805139
736,104.44266509658102
738,109.85529520930547
745,106.59735250150418
746,104.49110685066185
751,107.7019540944777
754,107.41975897585803
759,110.79169493630194
760,105.95545573733514
763,109.5313429406369
769,111.0677206867663
775,115.17901813788859
776,111.09822241857947
777,110.87102455076345
783,100.67322911309311
784,111.30239025581027
792,110.8418498032706
796,102.62634766635324
