id,target
17,111.04342985957052
19,120.69317185702012
25,106.3118976422907
32,110.7058751543832
33,110.24099823168433
36,102.11341110708929
38,118.30444945422198
51,112.77142126808381
57,102.12398612875393
60,102.34460005244868
62,109.9271228276465
63,110.27985085569065
65,101.2656260697511
66,105.65210288224247
69,103.77337819981308
70,126.05296117938285
71,112.45597614916838
74,109.95963337904217
75,109.78743064457072
83,112.57696301740225
84,108.56620487671064
85,104.52420412771806
87,94.49576315923551
89,117.47020875746725
92,103.15667903846578
95,105.88708224798168
98,109.89490385913172
101,106.54558831040406
102,106.93969678980127
104,107.6363296600766
111,99.85797308264777
117,128.00110565809067
120,108.8108170076381
124,113.3717032481938
127,115.50897795777598
130,120.29194766340433
134,108.99261942043657
136,107.96472570481515
137,113.87666626522584
139,107.78917621901347
140,118.32760768906488
145,92.94312952308054
147,118.1671052247366
151,102.25016376421938
152,93.89485160620859
153,100.14255375201688
155,113.06857472753511
163,107.57673635986227
165,118.7151418480953
170,93.25487619642458
174,88.34670346360937
179,87.29156178549957
183,121.07227111097319
189,99.56803752462805
192,96.38382215703639
193,115.32426989838442
194,109.5627482239245
196,109.56851770176542
206,111.02788348173719
210,107.94040270831869
216,103.52500242318035
223,91.84934117822145
225,107.27464475132857
228,110.38448501742994
230,119.50022540957856
235,110.46664363607808
239,118.24093239994133
241,107.3941117024978
247,115.27180991566111
253,92.00251604593797
256,113.90837886998352
261,89.43434208614582
264,106.45148973008573
266,109.41611438476866
268,120.30131996294604
269,108.15087352477654
276,104.95145152305682
281,105.71689416245756
283,101.87974703930139
286,121.51732513996794
290,110.36870219665472
301,119.69399508583305
305,91.97095849951104
309,116.89082536624414
316,111.17837693505932
327,112.66861976096881
335,101.62875293807474
338,123.15094974656076
340,106.08911446604678
342,111.03782995195981
345,104.76940677102623
351,82.01555531623991
353,108.81220438603765
358,120.50102017554227
362,100.50949951963914
367,114.95815981271828
372,114.62447736752297
375,112.4372082711807
377,123.53524544635124
383,102.90045402631006
387,108.31454636708855
391,121.0587770399274
392,116.96908320961816
396,108.30841815964799
397,104.55175126169716
398,125.37641280469435
399,113.85067796365414
406,111.09594499480582
407,115.22834558756969
415,108.02009459451041
416,111.96080430899588
430,108.21975767631594
432,124.32850646606698
437,128.35569346846896
446,116.47080283232229
448,111.92424057709835
452,116.4419007393849
466,113.43168670162832
472,106.94126071524215
475,96.36429495472615
487,94.51703440971501
489,101.65215696543245
496,108.46551591210628
500,114.89907790799772
503,105.97938974849909
510,115.12587381255703
515,112.87055158302677
518,98.83700017593367
520,110.7615735567526
525,99.64038466459118
532,119.84094561195062
536,109.40508697466143
538,100.78080350768053
549,112.96482073837923
550,122.32001593418283
552,119.59649588535481
560,127.27230335374092
564,124.7385580417727
566,93.76364659854664
567,111.98417811804433
571,114.25536545973456
581,114.79887413888316
592,109.69885743533112
594,108.30223792713521
603,108.80511181349395
604,97.47078007991622
607,113.68176805393436
613,107.95496148978671
619,107.76806133818218
625,116.67186130831664
627,97.22816209397418
628,96.56427281787472
631,96.5273016061929
632,94.24859196349065
634,104.66051369229774
639,116.58221435344898
643,107.03069682602076
644,110.51184780452189
646,115.80481539132279
650,118.40389809537255
651,102.57317075756966
653,112.4374599360667
656,104.24662054428153
658,116.29265030875519
661,96.23816837154908
666,97.97946785642932
667,122.91913590314749
679,101.66284349641197
682,107.7118566347557
685,125.69765944332174
686,106.20224541592071
691,108.00325673406974
692,111.25623759174542
693,109.07290303260538
699,107.51165975775515
711,107.62746844392078
715,103.57022254903741
718,119.03135215201347
720,109.5300594665061
721,112.73541768194956
727,121.54132171232216
732,99.15291402854722
736,113.1210321764434
738,102.38583150545175
745,114.84408840187572
746,110.79425242081469
751,106.94041972385826
754,112.78519927187365
759,110.53711476517691
760,106.18096486150425
763,107.66622176022543
769,99.45781761742843
775,115.47262279165578
776,115.63626527363782
777,112.44369588730581
783,104.21315945074502
784,123.92291285008001
792,116.1825558799717
796,104.30285898911212
