id,target
17,106.53661929173677
19,113.220703616233
25,117.49518847168623
32,112.38591991046839
33,106.1127308751223
36,108.14025803260097
38,99.33632919954914
51,111.56931287630108
57,113.96156923114283
60,105.91926371825507
62,103.99352114489228
63,110.13486849977927
65,111.17707857351611
66,120.58130242035668
69,102.16544020886323
70,104.84466121742945
71,99.73402510778301
74,106.9507292485703
75,100.74318093186056
83,110.84129759728378
84,108.19458644841363
85,115.1825078268673
87,119.56774234900406
89,109.80502215051021
92,99.88680355725008
95,111.73449031926808
98,112.89739115255527
101,112.09249182048414
102,107.28000530698871
104,108.18392902058704
111,108.33398706897454
117,109.32255895744062
120,105.43724361607707
124,119.7018273280492
127,115.65130674959528
130,118.61339246120255
134,107.02108754726413
136,97.22847744657207
137,99.7760835840349
139,102.57407648850388
140,108.53031826135826
145,102.81881160115024
147,116.17237268852114
151,110.40832234437889
152,103.5015860679406
153,101.38134739306992
155,117.7256721713003
163,109.55856808808933
165,108.6978470016765
170,107.91717113041533
174,111.71058240284064
179,104.95233657286771
183,99.72482250014112
189,106.5267780403763
192,100.50577453389431
193,111.48678380451292
194,110.81451522703665
196,102.0460445764826
206,111.63982209630299
210,110.26241270357538
216,104.09486039497061
223,101.30504431468054
225,113.07044936423061
228,113.48339991626095
230,111.00350201636363
235,103.31524880786519
239,106.84737128758258
241,110.2672005081513
247,106.4303947934868
253,100.09462557211917
256,105.7579471015253
261,108.65084353848097
264,106.33163666153827
266,110.54128305822402
268,106.26196537077611
269,115.233325316511
276,105.41122074050207
281,111.80628398244171
283,103.69282758178477
286,108.83381906004088
290,111.16962637251119
301,105.66746931035347
305,95.5260840420818
309,114.90619316824143
316,104.64759154799606
327,111.29285652788363
335,105.8542210103346
338,104.8041240669953
340,110.67273701326911
342,100.82981960948135
345,97.85210059081619
351,99.92357710641609
353,108.4564169830576
358,106.13397367988836
362,117.87240700270394
367,110.40031918261289
372,115.43439206533814
375,99.31292033374031
377,117.27584650558896
383,116.6876570295501
387,105.15027066263804
391,116.63345065241984
392,109.90879209728438
396,106.06756545989055
397,110.00490879734082
398,116.73059189473562
399,113.49685363160121
406,106.01997406728684
407,106.85642946245889
415,108.56309162884038
416,108.03731170488993
430,104.15506150331056
432,111.83500019319146
437,113.73166219934537
446,118.65988678365537
448,116.31451756637642
452,110.57239775385602
466,111.00073330415725
472,106.00762001371963
475,109.80105467627074
487,103.82227935081434
489,104.58980914364795
496,110.3270419067043
500,107.71083973362408
503,107.71231245920453
510,113.54860555534631
515,103.0295823610002
518,99.23609831663256
520,105.15371197828107
525,106.17609535069835
532,102.56157193311414
536,95.63466671111055
538,110.57701327653609
549,112.86308150308317
550,106.62276189178145
552,114.80244161769174
560,112.65544409304592
564,110.41753284067663
566,110.75849140541635
567,107.40438029956239
571,109.37673491725975
581,113.14046518643634
592,112.96574074733464
594,117.73150403934942
603,109.895356223995
604,100.4154981434998
607,104.99920581385021
613,116.99498793323347
619,116.60988789529272
625,114.4016300420575
627,104.02748646852508
628,110.3112278630025
631,100.24068059660628
632,109.08095907512036
634,107.7599902805727
639,113.53737321873948
643,101.9511554738882
644,103.5748581028049
646,107.04826954022288
650,112.56723220836447
651,108.36725175309839
653,112.32555595255461
656,110.06794283632858
658,109.06863271645723
661,97.57069265060123
666,103.3570046702167
667,105.21707267438762
679,108.17646008570938
682,106.80434378714891
685,107.75466108522738
686,106.53521397386629
691,108.86419238177
692,110.91666914977311
693,103.70057737687415
699,98.43284775171072
711,107.07578819449182
715,107.1076971935884
718,111.47967503516863
720,107.44971743025536
721,104.16888423398184
727,111.75147869613075
732,107.22054822496209
736,106.84520122033345
738,106.66844064819074
745,109.91234785243985
746,103.498661875126
751,111.204873886614
754,106.60697601849327
759,103.92270271950824
760,108.83036678324837
763,98.7769946734573
769,102.06204413017332
775,114.95404245556459
776,110.53744485515587
777,110.14464320868031
783,98.31451453696519
784,109.44486842078264
792,109.66295419712677
796,109.83624490395695
