id,target
17,110.15871792745824
19,107.92029249229027
25,108.15948288046671
32,104.92357591840461
33,106.75282968427459
36,106.76239960691433
38,108.49816084286083
51,109.41019948534671
57,107.81340434927162
60,105.46077360905947
62,108.39965923361257
63,109.51239217110265
65,112.35740789587862
66,112.26729194089727
69,103.05177377356527
70,106.19391886737505
71,105.89712502345101
74,110.21823800407759
75,104.76232035625192
83,107.97421839248182
84,106.57962842862504
85,105.52157433793005
87,108.73439530981909
89,107.83580965725503
92,106.91656632246782
95,107.4828895354178
98,104.91880624163022
101,105.58571851449457
102,112.90954013406787
104,107.06711356268107
111,105.01693135910027
117,108.54137057137204
120,106.35663677628467
124,108.87159281699954
127,106.65465660679426
130,107.16594030609235
134,105.24882017440056
136,108.85301776474395
137,106.0999486476237
139,105.86291335349338
140,108.93220903999773
145,106.72813409596067
147,107.21465784693157
151,104.25820613814149
152,104.92624649134113
153,107.1828537612751
155,109.38361265809976
163,106.1538565372209
165,106.28374120629347
170,104.12188381449664
174,109.69995521216437
179,106.74931227756495
183,108.46046364377582
189,106.79809799571011
192,106.27441702610646
193,105.91935443483145
194,107.94584887803232
196,106.64728666727976
206,108.40478203515016
210,107.77178280937183
216,106.05458592491846
223,105.4162350378813
225,109.02982041937898
228,106.7902178361517
230,105.78708943902583
235,105.31832159176592
239,108.07167674786406
241,105.6012693531964
247,108.09504568080263
253,114.18360484522152
256,113.36682538709829
261,108.71467834198369
264,107.55868489275365
266,108.9830811634263
268,107.07609015630676
269,114.93482283669528
276,109.79099562157764
281,110.80034755300788
283,108.7987230078748
286,110.00992208418259
290,113.9680457644215
301,106.82494310053323
305,103.6040272805228
309,108.42091255568332
316,108.00562520752824
327,104.57584264711477
335,103.37542298607339
338,106.59593929506062
340,108.9188177754351
342,106.95690159898172
345,107.85616731905426
351,107.25961908325704
353,107.31622197991985
358,116.47221300521457
362,109.59805240215614
367,114.32744910417853
372,110.64960273409513
375,107.07885983474378
377,108.4220224253006
383,114.9823529341401
387,109.65263500226496
391,108.76939781529046
392,109.55405289756649
396,106.17940520867688
397,109.99418179450323
398,110.55010906975988
399,111.02461521542328
406,109.56989732811641
407,106.32433971434503
415,106.12749075251755
416,108.95983524408393
430,104.69156924524447
432,111.60039020390616
437,105.46403291744139
446,108.287004368299
448,105.23170745373011
452,109.466582143632
466,106.08661484524842
472,111.60269675618143
475,107.58848680943268
487,113.75324809329351
489,112.43603034106945
496,107.05468508277899
500,108.11251521344167
503,107.40560047783755
510,107.7698229841405
515,107.38877957347314
518,108.74137938113469
520,112.43445621210832
525,111.78924276269095
532,109.41255382181836
536,106.170207638716
538,107.37039140664979
549,109.20527558123257
550,106.96365074707023
552,108.40791719691553
560,107.61247572301116
564,106.63450311009147
566,104.0752789923286
567,102.55515198564751
571,106.7187375301925
581,104.77966757899857
592,107.84520616118219
594,107.88948515090291
603,113.36232410106824
604,115.54095726249535
607,111.1981218506848
613,109.73253785193157
619,108.97972329177091
625,109.81792957073813
627,107.4790414783857
628,107.29791854428932
631,105.19899808392104
632,105.04045952801022
634,106.45280862135272
639,110.79485098912684
643,107.88811726286359
644,109.27585188297518
646,106.7856497960367
650,107.8716099943066
651,106.16133219837599
653,106.40806532597298
656,106.64036828346721
658,109.52495193573375
661,108.16639049033931
666,107.87812398387324
667,108.4253137484377
679,108.44658849770876
682,106.25687018891949
685,105.033338906411
686,108.0198302249827
691,106.44634726470966
692,106.70489150326941
693,107.90469668629119
699,104.7447335382408
711,106.70455146331275
715,103.75957047370137
718,109.0746486973899
720,112.01488632751074
721,110.08195652821175
727,110.66381721926804
732,112.77338992835632
736,113.69480401701182
738,114.33554849783988
745,110.44991531220029
746,106.22675571150539
751,113.93309546330092
754,111.3828294524005
759,108.58034843029012
760,111.00570346857631
763,111.65073202483637
769,109.28777990639368
775,108.38289074381275
776,109.11845561832436
777,113.7728106654184
783,112.30946491720701
784,113.40924099323033
792,114.27918535624298
796,108.70367628782303
