id,target
17,110.98986491097138
19,108.01851942152865
25,113.47047188755458
32,108.75999089531335
33,107.21323400030629
36,107.13975649956402
38,108.22532874401644
51,112.46874774263252
57,112.35597568267227
60,105.04447495022177
62,105.20182803051361
63,104.77970836945515
65,110.33259693397542
66,110.75054026447039
69,106.39789484448012
70,112.64249063596215
71,107.76300141462454
74,106.56946721480193
75,108.18596646940287
83,110.42094110508708
84,110.15987727739845
85,109.9351776965607
87,114.24045168136401
89,113.33751543804281
92,105.27152784432513
95,114.71694260109803
98,106.56103987695803
101,116.8941047978448
102,105.72594446567446
104,110.94759528037359
111,110.12359845521549
117,115.96957010520715
120,110.26096834686345
124,109.81951912587742
127,114.58752234130183
130,113.18330294784926
134,107.61892072046155
136,106.11335229768069
137,110.8290164647619
139,105.557397753662
140,111.84640423624302
145,101.1172721264501
147,106.82786315055948
151,105.27176247649011
152,93.91251365531042
153,103.653383866329
155,105.63188225273504
163,110.91332592590494
165,106.36474551063498
170,101.68295666608739
174,61.61894847010444
179,105.38067676299211
183,104.61077629702307
189,110.41547511181386
192,90.22520693214697
193,112.40522284044586
194,111.39997963075272
196,107.7192811562376
206,112.36455127026855
210,103.57329726230405
216,107.5360043128444
223,108.23393680265607
225,110.9081392256845
228,112.8975808698127
230,106.04304715150823
235,109.21728152539279
239,110.19076797100934
241,107.95698336641634
247,110.74968149311728
253,101.14665957013477
256,109.03602060760903
261,109.50621287063093
264,105.95908382258735
266,115.68297650561733
268,105.31437761434339
269,107.56176859104436
276,113.25443908579807
281,105.02109111376494
283,105.74625872858161
286,105.62820357378075
290,112.08441880033598
301,102.83169721545048
305,92.83283180895826
309,113.66533111038983
316,104.77682269104403
327,106.63456249967048
335,99.07758083790311
338,104.99022736101217
340,109.22078056333525
342,101.41696689348291
345,102.62516920218444
351,96.62785506317991
353,100.66901465968094
358,105.67934532251701
362,108.54372401654818
367,111.6131009502083
372,115.50567539659679
375,106.58847253760663
377,107.70481719460743
383,115.65231375281253
387,108.96253695789258
391,109.02329820142243
392,105.63975136218006
396,106.5040719522296
397,109.92044514277826
398,109.79365441588388
399,109.47272375820911
406,108.90164862152065
407,108.79620989209914
415,105.96489663963573
416,106.03383373601584
430,107.27946918609697
432,108.02493185388525
437,111.75066726784485
446,111.61480128404682
448,110.14257958289606
452,114.9572521374673
466,105.97031204764711
472,110.0913025606235
475,107.46419982649178
487,105.75748972211272
489,106.28886280674827
496,108.77248658029396
500,107.30819418571046
503,114.6976403676453
510,114.90715500347298
515,109.50321542409134
518,106.2794580105407
520,109.15243113916787
525,116.38940023468665
532,111.39048734413349
536,106.29152047464396
538,112.50979528860445
549,105.62024695457006
550,109.6104587226914
552,109.58435770657368
560,109.75057796756192
564,107.6691847580913
566,108.6750324121042
567,104.21961815211583
571,108.61871637270443
581,113.41947173735188
592,115.27240292860094
594,109.59371991445961
603,112.2240698500737
604,108.00766134964532
607,105.96211809521462
613,110.7752123190693
619,113.76212429082766
625,107.99052460155454
627,109.00057080712482
628,107.50700996613865
631,105.31292347868322
632,106.87355494497815
634,107.12956239577525
639,115.27528109191208
643,105.03433121998793
644,106.67943688463839
646,111.36444597080958
650,114.52712500040366
651,101.7577615665919
653,110.31296096557219
656,105.27987086405199
658,107.63390368813917
661,107.66141166944834
666,106.28671955960435
667,101.12418766158996
679,114.21822274612944
682,110.03419799368807
685,107.28090900817833
686,110.99422168438456
691,109.24232847261948
692,103.15036339221093
693,109.08894003401717
699,100.7959638154271
711,97.94638237778844
715,103.01291283281836
718,104.63406271937433
720,109.21899231001095
721,111.40855839529769
727,111.94001603675291
732,103.85156005102888
736,107.49161867141594
738,109.91483699075918
745,105.78454805980424
746,100.96747230435003
751,109.84630100438626
754,104.13687549820928
759,112.1007075994323
760,105.74758587902797
763,107.30060331756036
769,116.27038593160185
775,113.22098912517906
776,115.6847688823547
777,115.74995462765985
783,103.71230870380464
784,109.79367329787101
792,111.13861483069984
796,111.94155844768413
