id,target
17,109.69783350883529
19,107.94377491484428
25,109.759519360633
32,108.9302329879079
33,108.4146701121055
36,109.3601244771495
38,106.8171861657138
51,109.00157792509175
57,108.09977675190187
60,108.11341625368215
62,106.75138361003087
63,107.47854368843772
65,109.51074694185623
66,108.54092018913238
69,108.47374978390356
70,108.20762172732209
71,107.91348125176341
74,108.72484545197422
75,108.56900214111472
83,110.03551198903426
84,108.5665833649461
85,108.8274108285812
87,109.32931597191897
89,108.00367706187792
92,108.51829638140494
95,108.99127387559007
98,108.63318160571701
101,107.37183128548614
102,108.6898847302378
104,109.31601509840573
111,107.72419763923374
117,108.68050059295041
120,106.4338388477393
124,109.54486029169249
127,109.87489657107069
130,108.2716853168899
134,106.85219747691832
136,109.05496402899357
137,109.06863864519156
139,106.34248402849565
140,109.03879033707588
145,107.65103550519731
147,108.25167822789317
151,109.27914433443026
152,107.01117037343965
153,109.25658811777326
155,110.419835621391
163,108.14802832957972
165,108.98593231896832
170,107.24112111970497
174,108.05801915226745
179,107.79081992097582
183,108.50733242945643
189,107.5545479721183
192,110.21793141475887
193,106.30234902943751
194,109.32314098749579
196,108.34164126712908
206,109.03241277160237
210,108.71577134588641
216,109.20302975618989
223,108.64828766839284
225,109.80890982597508
228,109.88428833972579
230,109.5253561071268
235,108.94626320750467
239,109.42911276595075
241,111.3215199240216
247,108.69092844213966
253,108.43640887935665
256,109.03430845908024
261,110.34800472579072
264,110.82956574860236
266,111.17448388411714
268,108.27949142021791
269,109.74676973741443
276,109.08123762414203
281,110.82078036898454
283,107.25867952208797
286,109.92299595963401
290,109.73285064052295
301,108.91644899045643
305,107.34616539255072
309,109.54763334351901
316,107.65290047124951
327,107.16639322421001
335,108.93635566899255
338,105.74951810337689
340,108.42928391638102
342,108.68980493893255
345,107.78840516189148
351,106.51385185081423
353,107.94733377940723
358,110.52733797870654
362,109.62671926502588
367,109.8766930171018
372,109.00668334011468
375,108.31378025023943
377,109.67371506177507
383,110.82665917251983
387,108.47154881121322
391,107.97194565303249
392,108.43018426375384
396,108.31716322283722
397,108.11560752203248
398,108.22127657966394
399,107.94825672410613
406,107.9591934862111
407,107.7550580870912
415,108.10451291431745
416,107.57727115047534
430,108.44386551112504
432,109.2291152609967
437,108.7394660300858
446,109.73599806179595
448,108.1245451460198
452,108.3095598061133
466,109.17369867870525
472,108.42575627821206
475,108.72152267768945
487,109.51254670078018
489,108.84675416254933
496,107.75694367328647
500,107.32443924140819
503,106.67351679968799
510,108.12855044340465
515,107.32487682031412
518,106.451488386161
520,108.49101521472663
525,108.85849978312368
532,107.44883419279574
536,108.02495369242065
538,109.58637862401396
549,108.60410288999512
550,107.57230743811982
552,108.08184880995451
560,109.73842240539837
564,106.7701393531376
566,109.18907448317846
567,108.79618757518065
571,109.01687396360697
581,108.85722228898959
592,107.70630233371638
594,108.21130214039796
603,110.2601521777903
604,109.35522081125951
607,108.47047926853278
613,108.25364064134077
619,108.7520601971042
625,108.53835445182335
627,108.04508694815546
628,108.24209448461852
631,107.6928108651027
632,108.16702821038535
634,107.56838226956384
639,107.97495765991759
643,107.53718310167432
644,108.9241491537415
646,109.13089355261405
650,107.47669791757313
651,106.94413555493118
653,108.14512667019044
656,107.62400635039987
658,107.73484493889151
661,107.35477275528069
666,108.06112346740731
667,107.66078609577231
679,107.57088159876493
682,106.79871045062899
685,108.49345340716617
686,106.54765574410538
691,107.98104947329652
692,108.89862268091395
693,107.75917190938502
699,106.31555017736888
711,108.22320777991438
715,107.5436978169621
718,108.2039719047814
720,109.94732849168908
721,111.99670631581266
727,113.18845177005122
732,109.86879810389127
736,109.38352849910605
738,108.63802985794128
745,107.57840674113837
746,107.99258898090588
751,110.5705443754037
754,109.81634881138845
759,110.2297900819918
760,109.14360191629133
763,108.85139286861579
769,109.08513024105612
775,112.53891976342481
776,111.99126168442953
777,109.7806221551825
783,108.14570996025762
784,109.98543292918917
792,110.10898863102341
796,111.67659324472132
