id,target
17,109.8544177705913
19,108.39277004144047
25,111.08723464513301
32,110.3640898705113
33,108.68815100039662
36,109.47698790953528
38,106.21677321199908
51,109.40234782220458
57,109.0166512702506
60,108.02039767321752
62,106.54843468861834
63,103.74457316881704
65,107.43320197567309
66,109.1642718975983
69,105.0275766294326
70,113.28616025630825
71,107.69783863657628
74,109.460383659776
75,108.18038269615236
83,110.99576696399272
84,111.48993641370254
85,110.13998930195163
87,113.58507759005435
89,111.77918266797035
92,107.97324132508878
95,110.66118233758675
98,112.1488828556692
101,113.39003527995756
102,108.9383404012929
104,111.48414400692413
111,109.5617159292083
117,109.94991983825105
120,111.66532948295414
124,112.45291690414791
127,109.2378915557335
130,116.219079902716
134,105.82084602734851
136,106.3574771795177
137,110.69309036651504
139,105.07860743576798
140,110.88979843347367
145,106.10768446654554
147,110.17548193773543
151,108.61296238078299
152,102.27858310077636
153,110.49400331937144
155,112.00868414852047
163,108.97528730822769
165,110.65812757673453
170,108.6791675694106
174,107.20407874595878
179,105.75483184186989
183,106.84773710268702
189,107.42875295939933
192,106.44622139638749
193,110.82386448328879
194,110.7565012005362
196,112.28904520536257
206,108.89860399822201
210,109.21479153098011
216,107.73449988421048
223,108.70333853818282
225,109.9066913760129
228,110.03420929724066
230,109.1641902317875
235,107.66747385472634
239,108.3560630603675
241,109.56714092335787
247,107.0540792325691
253,105.4435256843941
256,105.92133896549406
261,109.30129363946148
264,107.60245381086143
266,111.30922283208132
268,104.21572225372643
269,107.30657206902877
276,107.04904769297829
281,108.61850067044936
283,106.26947789290895
286,106.34264190729058
290,110.49058725107737
301,107.61749316292241
305,101.96725119688408
309,113.03698070242862
316,108.25560667067184
327,102.04324075600721
335,103.39285454475602
338,106.9575626809641
340,106.17278966568324
342,104.85105886897082
345,104.8301407616281
351,100.8191885098903
353,107.06880020501572
358,109.9161974127004
362,113.68732025422015
367,113.88389501228325
372,111.10512408053157
375,106.21540218150615
377,108.31455939198607
383,115.76281805449261
387,108.78882390350621
391,106.87809615553975
392,107.4289174831609
396,108.87726433510471
397,107.86907019352762
398,108.71645589937094
399,109.32762425235146
406,106.43864570845584
407,108.65270186346254
415,107.59009879881684
416,106.48379896121975
430,108.3186671727256
432,109.25328420832133
437,109.31170767545207
446,112.98734590657942
448,112.20200149052675
452,110.75168245429356
466,111.65457322895577
472,111.30932689552284
475,108.5473957847925
487,107.13340307284574
489,106.83226526282526
496,109.36324258817156
500,109.99574869250227
503,108.29855592792322
510,114.11587130131943
515,111.1548215082156
518,103.50886935102832
520,108.96856770187884
525,106.75805172916228
532,108.68094533150183
536,107.77734553762136
538,112.64943178831233
549,109.22410370762401
550,108.51240796879883
552,110.4551467140478
560,110.14345537908547
564,110.63381828939747
566,110.57574603001058
567,109.77401714515341
571,110.95046304815864
581,111.4323182123201
592,111.7111975649482
594,111.7335018462366
603,111.20193323036857
604,107.8042386785994
607,106.51233381047926
613,107.8052268774608
619,111.07590289259905
625,113.26079065292761
627,107.31670836270892
628,109.8298494547949
631,108.40793782066075
632,107.96051417118363
634,108.9768092178478
639,109.66349718345901
643,105.4392545164893
644,110.58952816162434
646,109.61858574718758
650,111.53695683473231
651,105.4100985647559
653,107.71655861086954
656,106.86956102166278
658,109.47231897590359
661,106.9889721655009
666,109.81573177622745
667,105.85939967498793
679,108.81312799996773
682,106.64600719090213
685,111.6643421461218
686,108.61836820833423
691,109.0324084272326
692,106.02443195720707
693,107.29062148022916
699,103.98403744394051
711,103.89166197583224
715,104.3626179232318
718,107.53360137562683
720,106.77887484006274
721,109.53057158515236
727,108.80702245249475
732,106.99094425951427
736,107.81084133232454
738,107.35855221971701
745,106.0602510804821
746,103.8278530716568
751,109.18260105465109
754,109.12273405573094
759,109.49699368088295
760,105.73905069442246
763,108.84826925938673
769,109.03655858510855
775,114.1275519882213
776,110.58759710774542
777,110.19326473260355
783,105.97270605166507
784,106.71857814187489
792,108.45857898225415
796,107.84990887108339
