id,target
17,106.09307084935139
19,108.90985926358428
25,110.96806665975888
32,107.77864995153206
33,107.19278994485708
36,107.91761600856638
38,106.71408992984517
51,109.87328598550702
57,108.42051659535693
60,106.67121469443359
62,106.44195018171372
63,106.50211043328825
65,108.33813837558186
66,112.66913049554228
69,106.39100765952743
70,110.17232631481168
71,107.62253687194233
74,105.55802425460743
75,108.06716098016355
83,107.43753526265853
84,108.67408688627758
85,110.21936341959407
87,111.50350508351211
89,111.21714495594549
92,107.57040274278253
95,108.12797192779479
98,112.75180405786088
101,113.12565495225815
102,106.63788719100712
104,109.25186169939911
111,108.32814591333548
117,108.54178166667839
120,109.58548110850317
124,111.54946261834475
127,112.60111306255465
130,113.88096827379427
134,105.08913425834118
136,102.0530217090514
137,109.04144688637479
139,105.2792861713104
140,110.8191916175283
145,103.27739935337544
147,110.84741114869351
151,109.29837508551606
152,104.28775340476557
153,103.37379197899803
155,110.72066873598969
163,109.79278681334809
165,109.66067456804693
170,106.04499819845893
174,103.5493353765037
179,104.87110567947852
183,107.61854718500767
189,109.46603084127952
192,101.89917752933924
193,108.57521051746758
194,109.48150708022173
196,108.44168982051805
206,110.33976466475951
210,106.06775457760492
216,105.26253781088167
223,104.39978186825253
225,109.97399111746955
228,112.09939520464853
230,106.8454075955967
235,105.98714200200864
239,110.08101573127433
241,108.83313920923202
247,107.24059357151789
253,103.79386032665745
256,106.06798946318884
261,109.31603038687757
264,107.67506949839841
266,109.8058088734355
268,106.42900373529478
269,109.9964121551528
276,108.97900525949068
281,107.99390054920545
283,105.25239868378998
286,108.02393583573932
290,109.09747280735
301,106.99409296079482
305,100.90573187161417
309,113.53537068999053
316,106.16669658718952
327,108.49492101201619
335,107.14775550112321
338,106.78038836256151
340,110.8126298539353
342,105.15060816024331
345,103.27681674007613
351,101.28418952395354
353,104.42915754511375
358,106.43897422682508
362,111.2255538415141
367,110.94149483854511
372,109.20988962222425
375,106.99897891774363
377,111.48941868048051
383,112.6465940705774
387,108.14336780165657
391,109.45138276530557
392,108.12945040451329
396,105.76505235624528
397,108.33010218219025
398,109.92272313408816
399,108.23354401815317
406,104.68018235787025
407,107.75021445839933
415,107.74433934246508
416,107.04819620399795
430,106.73775579574064
432,108.6630301029142
437,113.67678929321883
446,110.96341613173958
448,112.73613096931507
452,111.35066187157739
466,110.9295321871165
472,105.99593708541025
475,107.29898565804432
487,105.87458336906646
489,105.96595317234971
496,108.06025623418296
500,106.56658172859044
503,108.21208090771158
510,112.87037085409573
515,107.4726481698231
518,104.4858997053955
520,107.01313408741305
525,107.0901611454041
532,106.5507038589869
536,104.68499703098014
538,109.7100137041444
549,110.46380296039906
550,107.73990408059704
552,109.55387321821641
560,109.99587382501522
564,108.57087836013507
566,109.94350946361389
567,108.28367116767635
571,109.09848825010532
581,110.79616381800975
592,108.53414090183863
594,109.74876144900928
603,109.05084512878831
604,105.05224769811969
607,106.29362590174252
613,109.4454721357091
619,108.80362175337109
625,110.58358008648783
627,106.00884687533438
628,106.57413542888656
631,104.47687910241733
632,108.98689438195028
634,109.98247336507019
639,109.29935907877976
643,105.74174592508422
644,107.70173580098987
646,109.01205579179219
650,110.94234679027302
651,106.54471688206388
653,109.27891092593028
656,107.89994588945491
658,110.31711132790392
661,104.59349611085057
666,108.87295131600486
667,107.48226514731249
679,107.30483277969952
682,106.80142594207807
685,107.59776951907182
686,110.62633335380475
691,108.8357318558495
692,110.11339416478077
693,107.57722200271935
699,104.51043306034865
711,106.2446661295728
715,105.00020033927173
718,108.60298487541701
720,107.51455782200019
721,106.3126684564009
727,108.28391762047355
732,106.20965489772861
736,106.37462440320414
738,106.74608192784761
745,109.01959643256971
746,103.77356386281876
751,109.00619485773855
754,106.12340128249184
759,106.98838531931457
760,107.89921027205465
763,104.20216535364165
769,106.43929179608512
775,112.30546275133321
776,110.19915851516464
777,109.08078470599679
783,105.57386242836881
784,108.89055663908262
792,109.38873394749034
796,108.14614962644737
