id,target
17,112.52441458328653
19,106.6760705042015
25,109.91845806799313
32,105.66413873888577
33,109.92071032942019
36,109.29949634172951
38,105.89007771274215
51,107.2842921592003
57,121.6136665944146
60,116.39002854699366
62,114.27691450276912
63,99.05862781888368
65,113.06397282276627
66,113.75973089565242
69,101.5932832903519
70,117.15122381081898
71,121.82694610142973
74,121.6331185148392
75,111.7573316577788
83,100.57218893298413
84,113.49167733465849
85,112.75570152576068
87,124.7933802042962
89,121.55627473731411
92,108.20551815544066
95,108.23245057471716
98,101.82493782515657
101,125.81507784898388
102,107.79500977953649
104,115.18314488829049
111,110.50097530019023
117,117.83631921871927
120,108.06177348733932
124,113.60447303643251
127,104.4263510494437
130,131.66747720021377
134,90.76157842069887
136,110.69009203692045
137,110.94860539632653
139,107.68157193604341
140,111.50677045213018
145,108.8121782335528
147,113.08077506200166
151,107.76764544881824
152,97.32817999047667
153,116.98366479638305
155,111.86888857192457
163,110.12308850986769
165,109.13704909913346
170,95.6797699192098
174,120.72337641625982
179,102.73914807544297
183,93.36728972023238
189,109.23209035222996
192,114.32261257819395
193,97.19434341785171
194,111.63046627748558
196,111.96454687550755
206,103.62892047267613
210,105.3083903378325
216,112.2786357652656
223,105.51351586750377
225,109.84162364752058
228,108.10930923893395
230,109.09292430049798
235,106.5811021133677
239,117.8194882192141
241,109.58691078572912
247,115.79269943823294
253,105.0107820124547
256,107.3841092402652
261,130.07876700913934
264,104.26954426205496
266,135.6669632753261
268,90.07121089325464
269,104.94918033679338
276,95.84250861718874
281,119.73406953985983
283,105.53894889430842
286,99.05526657908091
290,107.60773465455617
301,102.95042381420711
305,81.4923380487628
309,94.50995861413313
316,115.59743807668724
327,86.15713483751782
335,78.1275925329774
338,102.75790463198433
340,107.89970297849803
342,99.07314908932275
345,106.46654930065081
351,88.76816330182405
353,94.0574347157179
358,122.6667915759777
362,118.39122409096512
367,118.81758489131137
372,115.92460019325256
375,95.30565352360306
377,104.70227954906665
383,121.84412374278169
387,105.04671366571861
391,119.70907357609353
392,110.02086282399658
396,114.03356892200422
397,110.19079397023286
398,108.20001929645888
399,109.70519475486832
406,107.58279772874349
407,105.7103983196112
415,102.05500078904323
416,106.9668876362924
430,105.58304841086888
432,89.52111934562662
437,102.28967355525678
446,107.43501744831013
448,98.88119949803601
452,113.05207861871666
466,106.32816782388618
472,110.00799835686888
475,111.93765492880877
487,104.73732595921268
489,108.40434892785527
496,101.91340281968547
500,110.32942644423464
503,108.41606927548816
510,97.76470936032483
515,91.11151581353208
518,111.36867100726978
520,101.94383791267312
525,106.33326724548232
532,111.06315390030066
536,106.99859644105169
538,97.07702492188761
549,100.987232222426
550,102.15767163269898
552,106.56767613839574
560,100.9373134529047
564,88.11759807265739
566,116.30707189462947
567,106.33697561926617
571,98.92756924214564
581,110.29248548369229
592,114.46095269909047
594,109.4590085663036
603,108.94058783236575
604,114.82294783714507
607,103.52009833612983
613,114.34309340431463
619,109.1375468146475
625,118.4581850979755
627,107.01690795389574
628,111.54894076315205
631,114.11562510241407
632,106.66456890668435
634,108.44288721637169
639,107.65602965754373
643,105.59526099513187
644,111.80664422085616
646,116.07055562611643
650,102.89292902885965
651,103.47276890171716
653,103.75433147724976
656,93.28254363650352
658,109.15440393480489
661,122.47436863420708
666,107.2523622603744
667,104.09262715689273
679,107.33240604613721
682,97.24006123213623
685,102.35036565492699
686,113.85896382949976
691,106.4814799612111
692,105.33939277347598
693,123.5501897980802
699,72.12984191103921
711,98.4833446259224
715,90.37718671794414
718,103.57909968883068
720,107.79483034016496
721,124.32324401044423
727,110.92900983194045
732,102.79999322401193
736,104.24039244338928
738,120.1770750371558
745,104.71626339829753
746,100.01324508180227
751,118.76821221177376
754,129.61597250426166
759,116.38789230632152
760,98.80128411529004
763,100.21007590677787
769,113.42209057160534
775,128.46286900331685
776,127.98589222247755
777,121.22191010175992
783,83.40886124797152
784,113.01401093283033
792,111.13954334756028
796,115.18104381220988
